136854.40650992835
116553.66876499438
104592.66975063995
97842.13887373506
103815.09929596288
109935.74630896316
129305.31770952702
142588.11199463945
149010.2604232882
172020.0031972568
200950.90446039411
214607.99439823898
212761.6552391271
206398.67891369606
194767.46029436175
182413.40918269972
182888.12564727291
183756.46953715722
189388.8158270704
192252.61055057845
194360.23833838827
199889.37924621982
191512.43548840348
167335.7583834451
144421.95179018276
116536.31795369314
101844.17570827862
94240.52463620594
95480.01680795162
101568.15018650207
115160.08225810551
121214.53046932715
133308.41220144217
164927.9397247206
183254.54834135252
195217.67382564646
192514.00480116793
192822.42144223154
187176.88277224844
182654.1923741613
179212.16253200284
174612.79576604406
173654.34983999265
171692.97345459592
175301.5769149179
183181.30847900722
180416.58281648197
162739.87426986295
139903.96465203105
116778.62296331085
100289.1604969137
88840.31463824553
86548.38091209003
90008.843051894
80255.602601387
72636.19110295232
107936.71225497682
164937.30711261515
203615.741500952
224245.6995590389
223721.65659482917
217428.53743907786
205705.59161488645
195084.17289518923
187545.24617597577
182468.90950525829
170760.3490138856
157121.3154718852
152087.363407015
157883.79535595133
160697.42772012137
163328.84296308667
151619.7074417327
129326.11795859312
109489.80280044001
94525.79429568921
84803.6738272426
79275.80692164203
62864.255109233476
52231.332728436304
94874.50441712598
158571.10837432614
216933.96789244356
241282.55593360847
241607.18006812077
229707.82047674598
222993.5423429086
206552.23050201166
202209.17036766696
198246.42146996126
199495.0202385177
199882.7701062734
196181.66044544394
201428.6231665411
189990.6429756639
178232.03655569346
151892.7090715759
120890.37963572718
106715.69987316101
98469.84391305427
94994.67968758631
91668.56340014045
102573.72896241568
112181.99451920034
124266.73674712978
162336.42294155032
198079.8829117455
213131.24219781827
219485.30613250984
216550.77091884444
209727.40289727206
202596.89555655135
201528.60677470925
197695.51026887711
197139.27208674108
200938.7263058325
208247.26049689815
208567.5755032295
199939.60594793534
182123.26227664633
146577.0712115663
114348.75954353613
100123.47751818577
91551.74046685998
85891.40883911512
92218.78118340745
113686.92470519547
138814.69251294128
137746.31322665137
155105.25170710628
177781.61873624605
184895.81193020087
185829.36898108004
174917.48798557316
175923.1701485944
165668.59089926444
160622.9320029095
160971.11928722478
159748.04135020805
172501.00199268636
193440.61057237792
196046.22846247215
199393.12356336258
177619.69697823498
149342.6488113482
109817.78561014039
93397.33351983562
85018.31874632124
87766.436367131
97504.28328370079
138752.18825245774
172285.7038378326
170753.37892686407
178851.082329929
186639.87983087238
191080.11231613654
191556.79677065916
188477.58044692854
187778.25568437052
181721.64422586272
177442.1398655749
177416.0183383887
186515.21422083958
193686.7271543445
200368.9860416349
211574.8894364852
209480.9566105425
186512.95460831578
153748.7943436822
118302.2036307512
102258.7254032634
84800.99206105559
86627.27197684802
100149.00962162636
141093.63192418785
175365.78040306873
177672.0245111619
179952.2908231445
197201.6381058482
204065.58130823306
204199.4304208183
195650.3421491242
190858.35589120764
182326.3889761926
188024.19564685118
183265.26200107596
184970.74369359275
199778.43198605857
209130.5188676391
218794.92217229676
212991.36037036031
179395.18794601897
147479.6661836656
114297.63703037931
95950.05156818719
90058.62031549087
88352.3185282861
98969.7521344747
132640.30381769204
171891.81619917648
171881.25618918592
187125.26537880854
196560.51389163898
199584.84716718463
201791.25653760196
199169.69433329624
191790.03707288453
188660.17690084444
194199.2492345419
196960.17180126137
199817.94105079587
215845.42838624108
222937.36729025136
228057.43153567033
210684.90845094062
186431.60174938978
150731.56705719832
118941.98130724103
100261.9540723401
91616.99817897487
91512.78999355715
99591.41771110408
119125.42555244215
142633.53996353058
155696.04466526394
184644.71500609643
206298.0410789976
212151.49582689544
211702.32293512806
206860.26197617082
204088.67266027193
195531.09096869326
197326.40405535462
195275.1389409601
198930.75476517546
201988.01126676024
207659.8453976908
210133.453252903
198266.27130889514
177343.55158285014
151391.6605272118
115273.8269762284
93325.89150302045
84997.33041671653
86346.13618044707
96360.23995377032
106838.6578758471
125200.72949785524
139014.59765158495
169244.1709106129
197762.88983947726
214626.21365412616
214607.06253420963
208110.6889792867
200832.55663057114
193284.6593211454
195706.779514774
197316.28011173836
207400.39515865306
213489.2827304507
225856.2938294424
238731.43259186103
224179.6857375497
197644.70124606634
155110.37631023087
115772.54158551995
97364.88637102627
85186.95275353339
84685.92463807866
95609.35634245272
137463.9568313224
191403.59423656683
186934.79077332697
189175.7426785651
191151.50306847168
196255.77383172832
190940.4373263793
190551.33165612005
185476.68053260096
176178.4735387249
180998.15109759054
183219.09201404464
188895.8673047808
197999.36930509476
213401.73584053625
212635.9573067981
208981.10657762428
186111.84430039994
147817.39135849586
115285.70182041553
97682.01634350418
87963.98306511347
85742.66913835975
99190.04745723536
145772.80270758094
194355.1592636912
189507.0537314534
190218.49776042442
190323.05859738128
189020.93550955443
187751.79581386782
184493.0861207908
176089.21219067398
174650.55092839486
175684.28090995844
182462.4787632796
189911.61185356372
204407.4190701479
229229.58338654623
237220.81634395604
232276.30541811723
199584.52906424477
157409.65814193338
112282.9400263258
91424.72721991508
86913.10978459923
93087.08196521061
108377.14249821447
157752.31071733957
208879.85346812755
204835.30916451273
201099.94384093882
196156.64807522157
195487.2145003462
192201.12109050257
186380.7819556346
181680.56611041373
178537.08051537414
174484.21612664877
181377.72961774908
188512.74393409156
209623.5327260654
229850.0984817511
238846.3147517102
236462.89543025297
187418.9326674519
146761.0562464898
106395.92661075982
93523.97997401372
88697.87964774907
92395.61684116557
110022.19394832448
155440.9359481258
211192.31805331924
208096.92081276185
201150.7846284721
193306.0697693162
193705.87242419904
187408.2788195878
183207.5440605629
175488.56936458862
172181.08925699204
173558.560864676
178114.21602451015
189649.06788163778
201324.96604607534
217858.14350992345
231768.1461067783
226224.2933085057
187486.13082406245
153925.8364826473
114768.60255208469
98253.96718541702
88532.14254854376
89755.88806845182
108091.1533074588
149930.82756793423
202217.9916441837
197391.24006715431
190422.65931434656
188938.0279359532
191819.73603628873
184757.1236364294
188632.17041483923
180652.10684758553
173149.3102706921
178231.98229598053
172855.45354803937
183899.37789456503
196064.71077184708
204368.32884276417
212766.63741094916
204584.45603710567
183457.28621505693
147902.19839446366
122653.28935474924
102518.82632352442
95388.39584741117
88619.64683092324
90975.6568651173
107083.62790383796
136205.17473724583
158784.2326666613
196284.9770637406
220360.05049318235
231350.37767290627
224613.20007387738
217232.07643201813
206826.6860279029
203035.01699449818
199810.7756703423
195278.13239494333
199315.95067459013
198413.2320241403
201144.34226735792
206539.1343895877
200222.30936855447
184318.10148194438
164820.67325493964
125953.52934168879
112168.76253973269
94589.04771918256
90615.0475298404
92886.39689301388
105004.05680793287
116050.98801577504
141007.251469425
182846.2009738608
215253.82245283198
229277.237559012
224157.17513652536
217431.27644670068
210275.15545358264
210565.0377988988
206342.8998709456
208327.59386707863
218079.57849299314
225513.23817221512
237226.32607851663
246072.1363323914
228190.61068289416
194499.1698329553
154435.78533160946
115162.38841154147
97238.11889108007
89425.34224875364
86673.76348698704
98425.567496063
149638.02640247793
205238.0131251682
197511.65308177227
194898.89466260813
195841.46825451247
197669.25200799035
198630.9201781973
192667.57390542908
188341.45593946648
176690.4275093192
177771.89984114486
178620.3757093156
187117.73394023263
199565.82825175126
218419.87424821846
222322.81865751132
215066.82568282454
189002.85903459898
142585.7275034713
106127.50736291661
93518.96946843938
86347.49800683667
85600.01084579354
98485.39430037748
145007.66590579555
199832.01430445688
189817.44539999054
186600.58942199606
187967.6614285704
193449.87327802426
193724.90100180355
187820.89469551048
184214.86186818397
178554.12550778
178605.63610407803
182726.6826853763
190390.68248546918
197874.2319658778
223831.74385257
227496.17741281408
229977.1646861815
200124.05531049392
154068.85523540006
113893.08492568208
95997.27998559798
86184.2129313569
89068.80702694692
108313.19802452537
153735.9731569529
199393.45023520567
200715.28934257536
204666.88053275735
202735.76425864478
200337.00994495043
198203.25643611388
189564.19475988936
183781.8438190715
181126.93280396724
179449.86143347307
189176.95691203073
198240.58950467373
209179.8653287548
226878.10161375982
239465.28629229032
233876.4896119989
208360.25751878775
156421.21862696577
111727.95524582558
89461.74322645317
83481.00667677632
90099.53108252554
104850.73709864228
158852.26246859488
206725.65510539635
203162.77628479118
204975.85506029183
204993.67267325264
201597.72438398062
194046.75519347412
194363.19340547392
185543.32657806604
182562.66817176787
180445.6180332968
189610.95023514194
196010.66797172235
210671.7989098126
230213.22291187473
240072.34454413064
238399.4223504767
193560.1165554978
147622.7292953402
105475.67809564905
91188.01278850548
82300.98314235189
86982.08183922923
106063.65821486208
155336.9325797055
215381.8205153846
211914.84392203952
206519.17241153974
200307.1157317258
194839.21642074062
188442.11193200675
179610.3541121338
175970.1726480285
170733.21816481705
170420.34551771617
175281.81649916447
183935.12728309736
198430.28835793206
210259.9683916233
219324.28173415153
207193.8914550092
180011.03327070456
141678.72518453945
111258.42811906095
93269.01175028044
85885.42562070073
82804.30403867493
93713.25811706434
122160.69095440893
145522.56384631302
169297.8483668473
199392.55764353083
216710.47145521187
216439.63272628692
207970.84436541557
204111.7867910916
195400.39746254857
185598.46636960562
184435.25013959876
186177.09168384655
189424.87993230743
187233.11582680707
192534.85334094302
200597.64296267324
191403.7949117607
174969.1536450164
144426.204575823
111313.3702772268
93811.78227545004
85674.88141192164
84767.06862690316
92544.17052196735
106389.38847889015
127181.01452686048
148923.2356545418
181836.92645009918
205488.4636210144
212583.59477831266
216613.4256077549
205572.76808547607
196568.90692528678
191695.1748895268
188363.43440770067
196362.22291531795
209093.1493949197
218547.56704054313
233904.25425717625
248765.79229583245
232682.60256419738
193212.78948418912
149318.97880821355
102941.76841377509
85893.14819052997
77320.123861145
79684.64516635807
98826.22316096713
154741.55208327298
208362.8248156635
205483.0979886704
200798.2542519468
198620.61167816294
197699.6248411565
193681.3591972248
193114.92505114665
186387.7000380232
174329.34085272162
175099.17478925848
176104.66179784812
184710.72346803572
192625.90007195543
213772.03076688133
213883.38209452544
217394.3253179577
182303.1754088695
143876.11578771716
105875.73680295367
83924.20651469014
85138.67001781198
89025.38066305139
106313.10799494846
148478.43648146716
196259.01362056445
198818.67942283428
198454.50392059557
204838.86649305717
200266.1427561379
197114.87763692802
192067.88351164322
185843.04038701937
180605.2814597552
179318.85647001347
186579.96550132494
194710.19510181563
207809.6928056371
227559.36080599538
233588.06485848303
232345.43563505367
194261.47526521856
147556.53323471427
112443.50362674122
95903.80853223066
91905.48380148655
91531.8706559602
104743.36495529082
142699.61664504636
182288.98904869455
187141.95586972657
198510.38360468872
202643.85128884664
201575.5264574637
199181.96516268144
193209.8841689277
189869.93857763027
185575.47196510865
184521.19460475593
192031.62487428647
201784.19552758546
216563.77459758532
229425.9358702654
227437.9132593799
220754.97089924844
194156.65072593722
150378.82989387488
110057.83210954178
93157.68958727263
88571.30758708085
85028.04369078213
101068.68746126204
145410.24646292892
196540.96899475277
198972.6830825684
198404.23463395576
197822.65941880085
201002.4154385209
195993.74112577338
190099.13324503604
180433.34384261083
178276.9831104308
171266.53707531618
181815.11660072152
198452.88287630325
212772.8458699442
227703.96271174768
236288.77820335628
227536.46444990122
199235.24844078723
148930.52846053545
106954.41702657129
93858.64114664863
83783.2292756522
84921.55183745702
106118.07601152014
164331.6963167914
225925.75155519016
219160.7925175329
205876.85091337663
195173.01091207773
193594.75966605986
187056.9851195775
186064.6617033399
178051.42196839163
175541.21631968717
177610.31018728143
176850.2305127986
189578.63655505728
201885.19056385383
208771.86323932334
213389.26221102476
205843.27823442433
178918.29577751854
143864.46214611398
110357.09638668336
95909.2421390621
88071.53770614619
89885.10171997549
97892.7947656752
124013.42375148831
155958.96098269295
179801.6743411419
209207.90152595172
223110.30176181425
222668.84098743543
213114.28044573628
210285.11391604829
201967.9904700775
192518.7573712058
195112.80656546802
187187.09121571688
187098.5538023127
193461.9453707776
203625.66585872494
204861.42258430415
197515.83271679832
174166.91661779015
144649.57283869476
113244.16418919414
94880.10800275054
85257.15739877852
89041.24732802299
90039.63661026057
111809.09005427174
126502.63777601554
150887.088225521
189129.98976797276
208771.08135160396
220207.8333221491
218002.0305761748
208349.0172865238
204070.83018188685
194887.3070304822
197073.79442264978
201298.20624275898
210518.36122537867
215397.8302099774
231479.38138174757
243343.7866171044
227255.53840735691
191178.51691509693
141352.3884105761
105713.97763402761
91101.65527063329
82703.40412464639
85504.91325471448
95672.97362610072
146291.93701868324
198824.5790386027
196624.3572641162
199281.0083420926
198501.31083014264
198976.69081428906
198883.23302302184
194037.9965953003
183374.7047874848
177137.95254335212
176393.34118163897
178560.57907061893
188009.56410547212
202852.61485332396
218860.3436389549
226387.2114384803
220558.24250332077
191956.69526461876
139623.7132475617
100930.37515967898
85339.97945714768
76538.46669753166
81200.90980605462
100965.88405271684
154425.36977566473
211178.43348097612
208751.760042174
203956.34593392734
200798.49684593166
194669.39026125884
191734.97038939997
188483.00719434218
185273.65737985808
177966.88375738572
176281.27387885694
182598.53602376356
193718.15441048556
203543.09845635295
226394.01550217412
235323.28290767258
235115.27081005182
201292.1664858083
149559.04536193697
105236.60801865952
91078.1562822276
89490.5460287254
90672.69756794574
98944.50441498541
149534.18059026782
199877.64235784078
206451.89362067083
212065.90924745353
211764.31639365968
210610.14606737118
207170.51019659048
197408.77322709167
191068.87381706169
185492.3731529295
186283.88293435602
187517.1126767264
195692.38741648514
216445.8826909281
235958.18642373092
243746.81547187385
238220.35209674804
196684.89741055967
151451.2682331479
113392.4953745899
96415.18881625462
88916.0779927545
93584.24215225202
115001.31653130929
158493.68292242766
209866.01988566978
215983.1293552041
212870.21573763824
207214.14663155947
206732.73132370063
191503.02558948187
184588.35403119447
176434.71682394826
173888.16024268995
172748.53218576964
178959.69157324755
193546.97377719134
217453.70758404103
231321.1850467871
242824.98003950235
237070.78124280763
193206.56337593702
148232.76428231678
113268.56413438442
98763.69674041687
86186.3192884011
87393.2780980795
113910.71788103468
158397.63959261164
218192.4230356518
220515.61774624235
210224.1168379787
200654.4644614114
190583.9119554238
179156.18196139144
176868.09143836025
171600.72151987973
169695.04664347184
170500.95428943023
175134.1168783622
182909.8102950072
194909.7212474343
206499.84502087336
211274.46863576796
204542.292510819
175551.93292870378
137736.76433124038
108711.6867188025
92832.4295696003
83098.97368441672
79917.35229877666
92257.70659626435
112790.97350125678
146998.2250815859
180515.67360686106
208901.83232349693
227592.62858736402
228173.1434096136
221213.18500616506
214181.31089690342
202527.9628636656
190803.86863556012
189088.32465681346
188330.726130614
197560.5569057574
203627.34437766505
207985.93470894074
205319.1589581637
201896.13111547075
172457.58666413295
142386.37143402017
108307.91643206312
88697.94991672825
87218.18805077596
82308.89063809944
88779.36270012447
106971.97353026169
121626.34816119038
156877.46827198187
198670.39931214217
223303.19207039918
231602.50435460836
224919.0231180184
218784.61543222365
208872.17408934218
200624.61465941675
198687.34796852918
201995.49837384775
212586.84191262748
225050.51555261298
239913.93691413125
243858.26077147323
238076.49284949203
193908.84444523265
145806.94911595728
105980.24684533359
84360.7364377694
83889.18400512575
82718.48061005847
102907.75292060256
158845.33076531085
212280.33653732025
210503.6895575176
204108.582460067
196279.7902187281
192140.77604140053
179918.60419482732
180860.5331353022
175992.96694668895
171852.05259976434
170991.9845454886
174134.37798715263
183174.19781294107
197539.51326458025
221358.49768823787
225698.28616075398
217448.4759752395
180413.19378012602
133728.01762488738
99529.69504500921
86245.17378118978
85898.39343607699
87814.80572295602
101454.74577947118
152404.29491730314
209353.15037725685
218419.83457883212
218445.76231259055
202413.64630007462
197866.04919237905
192177.51064154037
180795.41836410406
177729.06892588915
175887.5237463514
176810.98306271216
179016.09110633688
187423.87229342948
203098.40807350958
229097.337750401
229022.8572608308
223495.22000206093
184650.35957437285
142721.25446867163
100331.29272463472
83553.84975492212
78062.67690043441
84055.92732982115
100040.4523578226
148617.9414091903
200909.30566102552
198569.49742495414
196332.4462749936
200526.87609102347
198668.82469118873
195154.95904848518
188585.31804898116
178972.44752055348
170468.49535378904
174217.85348127582
183832.13987630195
198070.1756638288
216686.19031797413
229736.57207720698
235813.80481612697
232106.4466725436
193245.1308334776
156075.00576713865
110648.19177441369
90968.37053913796
92228.77825145703
94548.25877316762
112393.58319732797
164974.31840570807
221397.45743996362
229558.86230742402
229229.55305715353
217014.80599905737
214157.69113636852
201139.14964047028
193278.38035745808
184935.28636925516
181266.64617444336
182639.2463130499
188795.29601554823
208143.60925195695
226198.34353156158
237949.79023443826
243999.91491458553
233031.57372573463
198287.0707570043
147120.49726046802
109495.57238836076
88378.33370566732
83695.99948461103
87851.83612548528
110981.32590747018
171741.1413369354
227186.35439615726
225726.02403293093
212469.60429728832
205361.82926768236
191774.59857107906
182848.1938496429
174455.8681272416
173934.1037514009
172914.6956024179
171415.7460127698
174276.6332773716
189768.1301056951
193863.78773090782
206048.54714861006
220188.1247247021
208589.8479434254
185452.06187577188
141672.43056578148
109079.13410250789
89790.36110769294
80955.29129139689
84506.1236050704
96761.54248838036
123151.57601724105
158107.43457048218
188418.09838424248
215110.99818418862
225814.29251791284
220092.65816444665
208612.6703093905
202610.00758277922
194683.06499888664
191921.0776641173
190901.00592427817
189852.53078104375
191299.72952388012
197948.47769045644
203471.12975500873
208921.5175431305
205023.99268427244
159723.50617570622
140115.35446353303
111550.64887921262
102096.26889789046
89919.48080564673
84846.78768562939
89512.92636079165
99214.86024620925
125651.99014877458
164554.44816006313
198120.78363497645
214722.58543509888
219976.72735937097
214452.89238031808
204530.8658532886
197474.03607060402
193918.66109610128
194513.063878237
199887.41265569066
206734.92084440615
215920.7630577577
227806.1791819777
236673.95817921148
218902.9758444749
180077.9640320756
135779.17172381282
106502.08396404638
87593.1484804358
81070.28290915128
86958.55890779116
100351.86445323305
150901.94557113486
205138.6613439325
206179.30243399693
200422.96639191965
202197.94627864662
200189.74423938512
195586.83163467303
188187.19456127062
182849.31290092098
177644.27130906118
172657.31622761465
173571.8706973543
183263.06779930092
199225.49651985936
215583.77959120646
223029.38919479822
209864.98553173154
179444.8836211846
135707.65027403683
103825.48607406532
92072.41221626278
89056.88685071796
88661.66735642863
107487.81979424364
151924.3285027022
206346.43093651073
205560.7773533919
200893.65693239853
201216.26473833763
197996.13531845814
191713.45809797425
187623.03648631385
180866.06670604108
173857.9553900435
173009.37065224437
176530.37467033937
190173.4009323723
202556.28285687466
229366.21957873623
237326.1755734363
234548.48906709588
194661.94013638506
146890.83514922982
109588.82316652346
95057.35102257505
90952.30224477162
88167.64215975894
105419.4305435557
160148.86431116762
213214.57296486557
226540.88888285524
222555.63466723787
209217.78061474714
200421.21575742387
193028.7615025915
182293.05279532186
175795.83928748377
173738.83130710802
174880.1145008308
180917.58317159544
189813.86975233693
209804.63146522507
231985.1265058937
233754.7088359839
227327.04990303374
185069.77190074307
141179.92992959046
106487.48415622227
87598.00698707384
87277.18326778505
89971.94597970003
105323.22202442196
156531.7700522822
217349.41509245586
220516.65111455478
215484.31943595837
205254.5208787655
194624.3201201574
191676.1252908754
180940.65785663505
172966.85440167587
169035.39769623135
166924.55923264552
177009.7118235476
188943.40646295762
208016.3518122742
221104.98347362256
224785.34804659442
219598.57574307802
176421.03910145938
137639.50140838212
103452.93408057168
84917.51240306809
83908.44905410752
86349.54794002266
108224.54057414902
157721.08904437043
217132.0541361512
215824.29839802836
206899.50163932817
194979.43668575678
189121.2394684879
181808.94539404148
180690.61611046141
172348.4103405061
172759.82956151906
169983.20770456395
172012.81077080066
184443.18471656597
198168.62902084636
212666.9240396447
222926.81446913688
212843.89569310113
185018.7115169189
142578.30715766494
108024.82804434803
90946.51705460032
85693.54153904924
89269.237707296
101807.96673627915
135985.57546276765
171383.5805106051
192803.49913720734
212242.94414643294
217561.3447117927
211261.98188805714
212069.41108139922
204974.55087435292
196755.83783123395
188754.62527977937
183834.58260050084
187498.02671009186
191704.84923450457
192314.71272406436
200565.4265526903
197490.04435711168
190373.36127648133
174171.03723260722
146423.24343563186
122637.55948239856
103562.08599134801
89129.31779383877
87658.45382678506
79517.42384025198
66824.46147428437
64178.60345289018
127714.5550759595
201785.49314525427
244983.93196928536
257368.14607135922
248250.1205397151
233268.8864090643
218912.22603386437
201025.9955011502
201029.3276125033
196764.706390151
197783.71321471885
201335.2801746865
200598.67196738758
207245.15797026965
198054.4446675316
178151.60921234443
141366.51519721147
117364.00296141945
97955.38366696711
92406.2615766401
83830.41278592036
96628.4486080016
121373.13490694964
157608.85682079117
173329.81603305787
198192.69046487968
215790.12605306224
219295.53766335858
213168.2623317915
201934.71451658552
194337.11913700396
187441.23885119232
179632.8867560057
179931.46754127523
189296.710586656
200958.08011203364
220601.83940769208
217713.80648695328
204511.16837987056
176195.20420227223
127388.91654265925
102130.72273537079
88928.62011920045
82732.63201742954
85619.30035339552
100339.8098516542
137925.15311661863
191927.86562722168
199692.3599638947
203596.97022251406
201358.3890062832
193023.92928847787
191948.90316519924
185763.74195337918
179956.4386105407
178298.32778744804
174555.31948511055
176405.55729878464
193902.83668310716
213739.1999224926
229730.71759172715
241279.34095738266
225842.62127343437
189596.06113271567
136081.8007240847
92964.42685713273
78139.18410872562
75823.80509800928
81035.07081686443
103105.38280492098
163690.09854799503
243561.55420928673
236147.42489044127
218150.22557454265
194258.93133887975
184774.17467842423
177993.86606327363
174164.42264302025
169500.15304729182
165088.19441168182
164974.01844286322
169510.98839094615
182282.4612899694
200596.43981177715
218022.6166395619
219053.20034017327
216926.20713897876
180968.36807231203
143041.56498252848
97380.61808192762
89341.41731003077
80421.0559194384
86004.21901236042
109359.08895300631
155214.25509300735
215497.88606131673
228453.11064620133
222887.081697679
214402.32609804877
205409.2579343423
196797.62968396314
190231.02343785195
182563.28188214634
179031.94675668143
178118.07728703792
182600.38453787268
197766.64416516526
215219.6015513887
228242.26657731304
236233.69325672407
229406.90884068314
186886.40098990613
143810.5187806095
106171.14706473763
91582.27928229624
86789.7458764842
89716.75267042336
108043.52157802576
163314.66157636428
227715.47416898378
232215.80890210049
222589.6814976337
208593.47992747923
204107.99722064202
190706.96844567233
180550.04682007967
176840.54478801094
177330.94422084538
180457.7064475614
186609.13639903435
196210.31590409292
212126.30770465278
219248.09294282892
224731.27362559098
211016.7821987058
177033.75671796777
136577.51748006413
108113.93095615794
90676.91532335914
86253.5042869105
88995.33367796199
98795.77426670973
130680.1105027324
173056.78166175575
193857.86978277887
210600.42552574046
217638.7021540225
208961.93742512204
200946.3824999038
195459.86016819102
192924.78023903762
184798.51815353017
185280.0190275437
186197.24868574933
197560.0115963733
205100.03600029636
210775.34440485673
214656.24258228013
205441.06813605508
172441.52341791443
130690.67907103605
103526.15989416085
85156.3290796325
84353.16094888462
83775.4751669672
94052.21902616251
116112.36864342428
152160.02993715293
170140.50392261962
196907.5513496428
207377.44522897596
207989.5315894869
199925.91783759088
197091.73157614822
186699.56384761792
185921.17712832708
181838.91328449742
184938.16573074023
193206.17298359814
205608.09024811914
223890.30691569974
230299.30719501062
213489.78317960887
176730.55249917746
130609.82069538075
98720.86479673316
85505.96717034976
79217.44820596157
86118.64333916323
103318.41037578715
158719.50052286178
212652.87477507797
206760.83551122848
205934.055019832
200600.4409815627
193179.87533532464
189328.36810588266
186527.6307332155
176066.79610402373
173379.91188194102
174073.1967060083
171677.74654820707
180932.5418634216
195096.0835459773
210619.52275150796
221181.20580708302
214273.553762758
180265.73098778614
134485.72617418697
102463.74116964823
89404.87213722196
86208.97567634699
85262.90795580117
99945.66895528756
150792.675444922
209470.77192384284
213252.50002416837
210334.83418902915
205488.24554875956
197380.7072202051
193759.201071469
187155.96330416872
179087.30812889853
175580.31190986594
175273.88523050575
178562.53799821885
191767.5186577658
208246.10764020876
237740.93314496754
240726.26275308256
225065.4549777304
186383.5772167629
133729.31914871154
96067.32037074956
82015.00872962098
79097.16116727961
85141.07613994613
108754.6836939428
175684.63209424322
246922.4342808663
239286.9027513446
216555.63010157083
197251.79457941174
188712.70347458078
180976.05672075014
172167.4497798305
170518.91860636702
170871.65331408702
170791.10811510702
176474.55101407054
195637.5192697031
214487.73707262243
243421.17185284122
249075.35686725867
241989.46822480374
192781.62296954388
140514.96513914727
104622.10341409588
90493.7100052868
85223.37928714663
87036.40710165384
111568.14108096395
174120.14233272854
241331.19787146992
241987.93244506404
222600.63778813215
206613.48737734897
192849.97428915207
177217.2083557688
177780.9628127782
171807.06277113748
168381.92505551685
166855.50624028037
168724.32465991317
181338.5285741807
198155.12663672137
212374.1658528721
222565.32547519432
224988.80923707105
190085.37270253195
143213.55369678634
107006.71389049718
91800.5786296697
85646.65787184412
91031.15782148803
107022.1393034118
157165.79107128867
217094.19432798965
218100.62442849542
211821.92574790263
198166.06923734467
195593.00306895227
192146.9088147992
182761.68217190885
179983.48891457013
180741.87339072616
173222.307754561
167864.08690858266
176758.59095320228
179744.06571553458
178439.25436794927
181352.44415463723
179053.49112327353
171225.49798389044
149268.19505296845
123507.6318386047
101740.41769049579
94308.39888738867
83571.41533965057
77418.81050683111
59068.59204103969
57855.81840818271
127259.45193667072
210034.1667188298
244835.45315770115
262429.09801087837
257209.124666587
235530.86242377615
224713.86893829686
207348.2673448281
193631.98799070792
183298.32938466908
181006.4342282561
182751.68209136798
177660.99599820597
180905.48178789546
170611.49943002258
158557.1480530394
142613.49132060923
112237.31607978909
91758.86105534002
83943.9356629247
84829.69464843931
90758.57860472593
106232.19288527171
129825.1853060353
159554.46209813748
195795.97611156793
218628.6999632597
223727.61199508418
217672.18872534984
206863.38733540403
194673.7791422811
187941.0980375818
190471.3909631823
192118.99305557352
199093.34770009696
212332.18937962907
223010.52934653137
233212.57398440203
211656.6540036241
176966.14178708347
133656.83335690713
101328.29438245739
89477.13899686493
83563.12077369391
86666.92557061842
105029.52940386736
154533.10255573964
210116.0487651335
207690.56655505102
204714.08999127834
193071.01576540456
187176.05622051298
180500.01205329993
178523.04569705323
177538.81987968308
174977.29311363254
176026.78257887694
178382.79259607117
189108.89351352624
205099.33978103372
220940.88866257842
230509.13600098126
220688.4562102237
182845.91786297812
133293.69972402562
101082.26962895112
87494.4946939825
90190.7194467348
83812.49846416897
105405.7190677555
155588.18327651412
220381.89177310694
225457.9551939468
217195.10221934065
208652.90990794552
196400.48768701527
189271.8188155983
186097.71443690397
176070.1713137749
175023.20500023486
172569.6825497365
173477.2019145738
185398.19180990398
204082.16476635804
222791.92685007586
227175.63201551177
222853.9638760901
186565.90762998108
135860.11703782686
101253.55812430586
85553.50662618231
81822.49707277888
88840.85615536745
102156.51483068128
155186.26758712326
225463.5101393258
232633.96564019576
224558.1910145615
214941.30523401932
206473.34014968842
197383.4127231721
194983.05715785123
189107.43415686832
183333.21069803895
185047.63241416967
186419.5759610802
195590.46819762175
211390.82176843402
232536.24339691206
234272.40183310528
226624.58154607212
186804.53506944125
142070.69133875554
106056.5005881113
92016.00697714386
87910.94165099341
89746.17178928679
102205.76256271038
152868.60824023202
219198.79429407668
228544.92689472382
220536.98450937722
210124.08982726294
200904.0540143382
189768.7799041286
183806.82406729
172695.17512780556
168018.81716041145
171121.36619426697
180220.66042457515
196039.2740335614
211280.30834204718
229330.45360253495
242385.07406356742
230417.07179746436
187093.18341949795
139143.24838570243
105475.28588808322
97231.44193218074
88792.37326720344
89536.17954567177
104617.47114422785
166590.4468466477
235059.03421703054
234451.91048787415
217977.43266189616
204584.00932044783
196079.92474684675
185975.49707833506
180506.36224168242
177565.3799309842
170690.42488826835
172298.51892828365
178151.07143314346
189349.30390106933
202940.3363252062
210370.21123425858
220760.89227178137
210323.996807216
179140.96404727566
142980.25749939223
107679.57033676979
96785.85165293323
90960.30003969232
89319.08665961925
100024.76519711054
129857.40442812817
169404.6270958962
194339.22579595653
217601.60897477524
222356.7240972767
221927.46387352303
214351.34357184503
205522.1178132828
195184.3177643023
187703.7469219234
186662.78416105776
184043.54849750313
189400.5492171098
196337.2665385689
203535.8152362853
206353.08259672843
197932.33396552305
175338.0720842779
139422.56433555778
107475.6888469515
96783.6547134788
84483.64263818334
83117.45258514036
89526.70466552045
106468.88286011669
142516.65090912746
174817.5131608008
204799.20670945293
219155.19894481264
217796.2043357913
212863.98566561512
205168.1425195863
195955.3988017228
196490.63152796534
195834.40951401496
198438.8285049469
211301.8397419959
219277.1581753887
236808.66301421617
244547.6591525926
223763.43754506033
182677.62845345243
133837.29337946695
98206.73642915138
86993.73467561917
77838.54705710149
78378.26148410104
102139.29289891063
169040.12118158618
223378.7960205334
212593.3507112446
216249.67053984205
205139.95495898978
195173.91258914126
185938.2667557467
181624.8237169555
176256.52933789336
169958.96467272768
172096.729634943
176081.86643930522
186646.40536836718
205193.8080185418
222769.4019892191
230231.16221267838
215925.9390195433
178561.3808877855
130166.4611035264
100117.14602093778
88575.68872774251
83055.27071766878
85016.50260754186
100875.5915330912
157186.8987788102
229396.9994928179
226667.96970985527
223207.69467477786
206300.90423801128
192198.56024457788
187673.91314609983
180259.8730522199
173643.63938843066
174040.37397617762
175937.81097746934
184403.7374420513
190977.30453411952
213253.97573088558
231633.13266635363
240667.7381686482
231253.54744086383
193111.8673075546
140737.6333285773
98656.57050834266
81978.40528257543
83128.71031184685
85669.30785743671
105957.46292756755
163522.4420134632
230522.88027734475
235598.8823811787
225119.11649466454
205839.2569026749
193004.21580665695
189094.38990452758
180762.07342855242
170526.9568501941
171053.0676988967
176563.21242423012
179153.35474921687
187953.558076693
207523.79863779183
232129.73208746326
239082.17347922572
228377.88771604918
191981.2209049426
139018.61061757302
100913.09172728182
81652.93814318327
79943.23738057069
87347.01849357515
102753.40025228538
162899.38443415082
229881.90415564177
232665.12152107502
225593.17259362325
205993.8124607599
193260.33685291366
186818.64550584054
178879.3482239726
173925.2282984939
171488.5362648295
168870.31196230557
169978.05788713018
184503.61370465203
198485.6811221597
217403.22925111168
225315.2696257215
216653.75080098462
183423.89924970287
140745.04049212873
102480.97181304405
90803.31275713332
79236.20433790109
82827.22138081014
99041.9250672661
166584.42500227506
229290.0269828008
224783.26326685635
216165.52642354032
205077.06662217103
193196.39337541303
186965.0729752427
177888.8771555765
172420.9228808924
168562.86656057715
168334.53601557593
173528.44967643154
180892.4592394907
191469.27462376363
202743.11546987164
205925.24719495175
197470.99490388
172355.1005275354
138862.660447494
106676.62791979026
90518.88453392164
85153.55032440153
83950.67257684757
87885.60839059824
120756.4248816652
161981.999992642
193128.56590342254
220976.18535398453
230397.70699327003
222167.37635495432
211711.5202148803
206803.85244335048
197742.4411806568
192506.48282555473
186771.63092717814
186667.98431966384
193607.05186626798
199550.3663975904
204860.40340657983
201213.14545487036
189919.66456604042
166811.31473693802
129999.1218172012
97593.1121625612
90111.8411215726
86412.62157531129
83755.58444655774
89553.61675533763
112007.3913467246
136068.2632310778
169240.81619226607
197662.32920782646
213511.54227460414
215456.3727031033
209471.29840351982
199804.71627802216
191084.20018863762
187388.1494104767
182273.05619464492
184390.27760147452
198376.64666763955
214471.44140671953
231415.35774168101
237014.49540719626
222984.35014043807
185442.5474417902
135265.29907556734
98653.40672464798
89730.52951169662
85943.06801856388
92303.76717654335
112314.91719726866
169969.10892681486
219968.18595424006
220922.10686472783
214767.8353913354
200811.3794260041
194099.7826941773
189371.49565143883
187023.07164418703
178562.1298135614
172686.81254677864
171398.3106675035
169757.76412695803
177768.32753988507
191066.70703245752
208820.6876391456
216041.55635380733
202408.45854123507
172969.65385605852
126917.01592038812
98190.25696521644
84168.60560195883
79163.30516700637
78364.24126926836
99656.4198666982
150848.50650259946
211149.05556435327
215790.28953887848
211034.76977105666
202297.0563829933
198609.13178692406
193525.8770044626
186834.7878507852
177046.89693333794
172296.4338328938
171634.30927704246
171069.78263669694
178699.2632726617
195248.0250209793
216941.7625720936
229240.3746920523
220363.31260064614
184450.78103905398
139105.8647984762
103315.92652655473
94295.09142394482
84034.14987945392
83288.19383544908
96280.03973861974
151745.10786994104
212671.71143011237
224134.86408890606
223585.5257472645
215770.78748652394
204841.19698188995
199552.34274735034
195525.372897079
185049.32905206925
180332.09449349594
185491.75465059298
186313.65037578833
194017.00024514837
209462.81271110705
230677.42740243487
236049.7289563918
228842.16523631307
195732.87613451688
144947.35562985597
90693.32692671898
83895.20312105416
82113.0957416557
86413.14575105239
99574.11203412035
149812.2635696027
210859.81759777162
223213.59015844367
218228.01636906582
207886.5716819292
200584.87603682972
194349.43639602026
190094.26390261654
183802.87261843286
176593.48695357091
183656.59646698835
186272.43913639712
190236.19482586195
208607.6752676511
226321.6841512864
236712.32709543625
234450.64568766195
198419.8981490052
151714.91861360887
107299.59639695448
85447.90560836502
79490.73461234933
82210.95867187608
97577.04840558843
155249.20980826067
217323.1559093036
227230.686820066
220251.34724856997
203787.9313965472
198954.2921871919
185391.4159039373
181684.99803277035
174757.77888595022
168445.5366637844
172351.48125837577
174917.47631253456
181661.18494119574
190027.95670252462
198341.2079052664
206696.83376647453
202634.0934280677
184962.66591870537
144875.76945394572
112385.05360793626
98573.01253917854
90051.2045618572
87075.02177033537
88621.61231515871
115909.67437873056
148643.07109097714
188049.47044638867
214445.82714000306
226478.701107309
222097.52164414723
211666.13908480716
198491.87485164436
190061.18887110782
180466.49945273556
176030.18752635396
177911.81987117027
183504.30462004745
188406.90594976628
197898.3481130441
201043.47647655418
197159.89457497833
170185.37972689912
127201.12982721215
102705.11788032987
98170.01465871203
90651.94587124347
88415.77519527652
88591.6161817222
108015.02012015734
131688.30510804662
166283.22285029126
199387.57469874393
222901.04690364
224348.8704862534
218709.82386309595
209463.06662209387
198496.59053889685
187444.87865458327
191102.3113811735
193766.17772542874
201960.49125208365
216598.09812648603
234111.678994632
251316.05666157207
237554.95717827207
192963.49565148828
138625.87715119243
104484.52671135425
93040.35521039643
86143.75463332425
90563.91605799277
104689.75416944323
151987.62187796403
207233.519330605
209179.26720856433
206542.9476604134
204572.48041983752
200912.08199693536
192722.6398383543
184683.43317974164
179578.46943779886
175062.7391687113
172214.86138777243
177476.81400496003
188227.97312965005
200588.18481527365
224006.67051262225
238075.23715910903
229990.10961396803
190601.16881532356
134422.177689621
97521.37235987798
82414.59946211144
77130.29574967595
77159.93348300079
93533.9032724245
144783.05123525028
202169.682701941
214018.8540446776
205704.17064717758
198728.10910677473
190732.7335772438
190209.8127714455
180145.93812692328
174696.04548435405
170353.67144119262
171688.0384768274
173086.46730396574
184823.10093696037
199069.06950796448
218764.40288433756
226589.99133951755
220963.79149685535
188637.91555012963
134454.05898871727
102081.98578375483
86313.75694491851
80778.79769760903
81593.23361974541
94256.97620009432
145737.6797069267
213545.2343853484
221491.79180665826
206788.69920787917
204004.65818171913
200871.55817728332
195335.20449531093
188656.93139899097
179600.4241623825
173844.37658238364
172533.44907283245
175536.93134330164
188457.74462512377
202018.39509106215
219929.6456529441
230350.14614655604
228169.91844984284
194031.82178580042
142622.13824798414
97670.03816108636
82738.31769810207
78304.78928586358
79043.18156709957
99420.2582588772
158297.27710770437
229891.4064612116
230753.70125443267
218491.99706973747
206009.37813499614
194694.41163311858
193902.53422933898
189129.046578674
181536.77228963835
176837.69896984877
176138.8998122238
177264.4596363557
187414.52044794703
204451.51026273682
222798.7795023648
241401.57511040705
244038.39775274607
202474.04481556392
150822.12448805227
100530.58468969373
84957.13221496035
79127.21825699214
85861.1493368256
107149.00596314279
171149.14718521578
236284.8848464944
237193.59147662373
217313.5458389708
202710.68696409446
189964.4555614931
183296.94371509043
176475.4850158189
174378.6079630359
175003.99532724664
172194.14698731457
173920.0099093403
181620.53767213196
191354.48798821395
207912.69307142636
218648.98821238708
213086.5001272653
177765.58896701215
138610.15589425125
102841.6806565594
88695.90982909176
81222.33730401688
82477.8176061696
93102.74422275632
117131.14732136283
160574.6978107278
191849.9244183854
219598.59611609075
223936.8269541363
220182.595797831
210366.76031293027
196216.77583853365
192933.67507617208
186250.6809969249
186646.96548760327
187624.36227918512
188443.86310788264
192661.52813037703
205706.42323078
211009.66815139493
213180.84658621493
179221.88791413943
141282.0283618728
104860.59796733863
89419.69407668436
83436.06918824879
82134.28015152669
85403.59955505593
100364.40696886275
130475.35404968674
160995.48220628963
198560.8472088404
216546.15525121588
222613.13752970286
216099.3096583567
210733.81454756405
197096.5402652179
189638.59524633636
192269.6410206576
193343.0985115864
201624.34728508999
210762.71110903344
231788.92489319862
250850.75485195653
238357.99744706205
193386.9873904593
142690.59708104038
101469.45991027862
90034.69628052737
84381.71242895145
84921.84061915308
102265.65180853134
156207.3519208473
218805.5483574665
210156.25844547572
198557.58924588075
186359.69796785663
181604.6122084645
178832.01068069626
176709.16440874594
170257.80177144182
167850.85074904922
167780.34584159777
167321.35880196566
178061.790623717
191995.1618227593
207323.09908761398
226652.82583342254
228103.06106378481
182948.33861910304
129167.96541020236
96260.364192141
81725.1422433551
75830.25808378568
81662.43911657197
97640.80551260465
154423.30047721972
220888.51134847442
219847.78312341406
210650.11425739914
196021.48175552895
179715.49986986144
174738.489088364
179302.34079277096
173447.6415730873
168962.71895327655
168020.97169793327
173350.10945076836
180615.45435811108
199625.15872626266
216655.33717708272
229209.34879135608
223417.1650682618
188098.23745272806
138648.91874818722
99640.31281595574
87012.50477964518
83052.6070965587
83743.71412678374
101864.82621055037
159650.02014886655
228922.99901299833
232160.9297992247
219168.73842563186
204408.00798818617
193488.56619531772
184227.52821141988
182928.46783736176
175701.8050085979
174288.5656089086
172691.81758764008
176337.58462596423
184478.8476569999
198618.2770248177
216702.8662286874
237482.42170718635
234282.48701624133
194320.65448597877
144124.7972774152
102546.05724282554
87020.76454334606
81382.9578449961
86670.53326885897
98815.22925445215
157147.54773785968
225004.58801537135
232587.94173608927
226111.01966881202
207277.25092000817
194491.0736427342
185096.7370199311
176880.38885406233
171373.33237694507
171999.60019053574
171205.1469985335
170624.70333778067
180575.0721583448
195304.50443890612
211802.2613371924
233259.01248728816
230139.87678785893
193684.50939736055
139613.9704694518
94967.03166481704
86775.77858855113
87034.6449866837
87193.80781220652
104117.53373033865
164394.32147326085
231514.69329573377
226490.0938141741
213075.5442657086
198493.67833722534
191817.85294463587
186016.32556473816
182251.00421863006
177243.70265570955
173150.89068342643
171043.55215787818
173424.38083570183
182007.43485710223
194334.570964992
201311.22099436913
217709.61191497996
210006.7111725005
166264.1348984304
136259.37135843147
103362.03360857836
87156.98626933398
86014.68210843402
87729.64904513782
92084.34647964012
122372.49995187589
163199.51002835608
190917.47618220875
215734.6014191791
223060.56136815553
222946.2885465461
214031.3354295922
201957.38689836045
191529.14955727255
183979.14751995308
181608.87301530832
181492.10889522248
185394.23822158974
191508.7932905659
204481.09744714847
210390.25307177095
206691.29321443275
169657.74452886003
136235.48926393318
104696.86249176886
99886.09750709307
88200.37441408257
83668.75695537675
89892.36311965485
111917.64231799141
142540.0191538126
177649.51403464723
203797.97611066775
218711.4959808928
222041.53579185935
211560.3806952306
201279.74950210235
194411.29748782024
186906.91659588303
184533.98721992763
187575.681024415
200176.8041038694
215940.73412082036
232510.5070509051
247509.74995689502
241685.25441164194
192171.13092620042
142227.9076636346
103856.44882882945
87237.33554058091
82303.71087197016
86389.82975700023
105978.96535437617
161358.9277406998
225980.79792871745
216653.50725847142
205059.36169910477
197820.1022604523
190722.03081608494
184053.2659527426
180555.09573454052
173657.9987475201
169680.987906536
171301.22011843818
173161.81462111918
181671.37547380838
197141.07973634778
217337.70633995067
226490.45081681202
227378.48745279972
185304.83789057497
130261.28457881809
93141.21321663764
82753.47817119057
79276.6795396915
82516.59962871001
102255.98249261316
158896.8390433681
226838.67728661452
217562.82720637677
203521.40852916686
192103.73928221557
184039.26185948864
180559.06523211987
180311.8149022715
171949.28224198156
169968.7054574723
168783.92916879363
176206.24929813924
186537.10761629307
200588.86970085488
220433.66183994096
234958.50388032847
229930.4576309854
195743.80019979546
137899.55385799304
98293.10246125734
81153.39687761391
78236.3118428599
79681.20288846586
96503.65348422808
160063.63174214168
227047.22207794813
231202.57471867267
218985.27180686165
206041.44394721335
194149.68184928966
188218.54262476997
183762.09982999827
176411.1897371088
172116.41124565713
174603.5992999906
173035.9919299299
186030.66356020048
198634.6514115205
216734.2155462784
239327.71071603338
237403.71182993794
204046.03171237287
147084.24903161565
103124.06050334343
84229.89918151875
80819.53331176464
89604.37839759732
101057.8064087616
165045.2234766973
232156.30107876018
232550.79317929936
221776.32435421503
209281.71449054213
198893.063737678
190042.42516187168
182082.2857951955
175116.06334996433
171816.00054399148
172481.533135061
176653.97621732226
186939.21037974255
201366.3435226365
219187.34471450944
235292.62072327852
233358.58314954193
198089.59548151802
144715.06990706665
104335.89172264775
87964.42516210103
82053.87446490028
84073.57721807323
99577.57822064654
163692.60934781615
229687.9986581015
226493.51916253037
213207.14029971723
203180.21004230753
195840.18852262045
190380.080932722
180348.87010970348
178219.5788383919
172798.31994343427
170806.64741943308
169368.91212096182
178941.8904568588
184329.84567014241
193712.27447130153
206515.16355100417
207262.6309387197
173491.59499659092
139390.28242802277
104852.00231848152
94263.01764979307
84018.49232877893
84477.62171680765
87815.83127785666
115462.34111485683
146588.4747724004
180223.96972542818
205661.72656369896
216925.3386997238
212514.8463413896
203546.6694205927
195427.352837758
189470.61041633895
182430.0046343149
178460.96306057618
174466.35615702314
177041.43857390844
180972.824791622
186131.41565769727
193493.78086877379
195744.9797847692
163843.2790167638
131289.09314470927
96610.03967506626
82893.87185724346
79017.43333983584
77761.44882001806
81503.72587299239
101668.00123045563
131374.1842406892
160805.01459945514
192150.8079709042
208755.48873277585
213637.97697809406
207647.53703077033
198819.56686614023
189406.07296133792
184917.86376612677
187703.6333190799
189828.4534303904
204646.27678585405
210085.39775593992
231731.41754725343
250281.63918154998
241441.82549829126
188004.66909676543
140429.00226749972
98849.1833822597
78777.47826655243
73917.41714285707
80669.15224121633
102069.71600415454
160783.04573558486
216464.8002876439
210750.74889328046
199220.88400617318
196974.34755685908
189435.4655568876
188576.71115969252
183589.33308249825
176529.05471767188
166724.2393466022
169444.8329441139
174800.05951391015
181195.2310158854
198061.6556718289
217478.9067650893
226150.6495049367
223275.22240068403
186022.2497834189
136786.0184300541
96080.3216041426
81898.10592891298
73741.69266852718
78359.55293962304
105423.83098533214
164053.28837240353
233160.91926476674
231316.00981696937
214403.90086986878
202090.51838150652
195297.3088388644
190257.12741861795
187731.56962903804
180185.07106344608
174692.08184340727
177511.25582703837
185684.39725907188
194996.12047654198
209966.08970679634
233487.29311449017
246273.45620589604
243376.35319168816
202499.00364759663
145345.91105518528
109343.32915153506
90730.6311990339
84241.98151609089
86387.40263528201
102843.0981911738
162611.7988181317
223544.46368439676
225828.86492612353
211607.07774682547
199754.40779762532
194564.61714089618
185362.4995720105
177041.1882897066
173668.03749703322
169619.7100674074
171256.3120031062
173872.66856291625
182736.26131736505
195264.69520252015
210950.26248344764
226904.8880789246
222227.6364947886
189836.60685784995
142728.56829412663
101921.9157268816
87777.65094053966
86157.25749201089
86762.14356034221
97384.38656064741
159602.79851901525
212555.76863257517
221558.10566567027
210388.5434542338
196297.0817313858
190690.79019591532
187654.24197809916
180863.10242555488
179488.3910234314
174745.02163601265
171040.0164273767
171076.0785302485
178659.39880665418
193656.47262480034
210198.6765000336
229981.95396525276
231400.23868015423
195327.92148598275
147484.9553329841
100347.39146630249
86229.3502423063
84890.76803119942
87660.0942203021
98530.63946591181
165891.82759716976
230797.3102862514
226792.4540300495
211204.42883578307
201559.33991552272
191346.44871225208
184508.40162290062
179379.19594173902
173957.30153655686
171539.00925288763
164117.54520248692
166741.56952885943
178023.85178230348
185612.68438994742
199297.26191427207
209352.34767808774
210480.31433647018
180732.7171727926
134918.723051555
101773.42983671215
91563.28022867137
85513.68354973168
88398.83375664931
94043.23054748951
128187.24362234755
162730.23012931747
192168.76156993315
209221.30591678116
214071.83334669418
213332.1244802776
201702.60128226076
194631.49701923347
188434.1068577988
183689.9672925284
181490.76739914538
183245.71576960315
189459.16638195483
189509.01115143497
207204.16531540864
210311.6097075545
207146.07280143106
170664.29164370714
130459.28790995863
105673.95749033071
96055.89741865812
89772.61230024016
89249.96148900207
95573.91418167982
119008.5358758017
148600.49051040562
181080.5196584863
205201.95592135817
211012.56542880685
206022.609225966
195579.5379263374
189022.52199793924
181194.6623342551
175762.05809773487
175899.92511864906
184631.26440039268
193163.3423353665
201611.2457493488
224272.90628349045
237171.417043246
227403.38138734835
185676.72188791086
129610.94605806835
91717.77300282635
79522.88846938845
79350.61997048566
83142.61133569643
107136.20662136814
173572.92239073155
236315.31710648016
222914.17095962432
203275.09806938318
188443.53032430104
182843.76029660445
173828.02626483087
177856.59913227757
168477.81251576697
171022.00182813418
175451.31429620658
177478.79711032362
184220.76689438464
197536.45981969527
220379.2316454714
231217.44537221408
237295.3656809556
189994.36574826052
133551.73769239392
88966.18188338313
76543.90355678256
71830.02266544894
79646.0177712674
102554.533052181
166946.66229672413
228426.01069348663
224429.23100108033
206893.85833632844
195103.5906222537
183616.25465988237
180936.98483305355
180923.4161505435
169939.33740740613
168291.96860223994
167946.65682157213
170202.47924486842
172932.12706548805
188777.18194248533
207029.04638233336
224408.84972089017
228706.94537613224
187788.35480542041
135366.64141934848
100266.8854686678
86584.82558461907
82958.27525107012
82712.9869597557
103111.99247927379
157274.14165541492
222966.26508454166
224157.00364910328
206743.02406924384
192850.12247571992
181573.2918163571
170447.09390584377
167756.9453176917
160370.69701365443
154763.62117734182
156767.71548699276
160682.31831585217
167515.8941796388
175760.78713941143
187687.66409110778
199338.8219923934
203042.92917234593
174109.4881287058
134643.43138750858
102632.70281211149
91982.82814218517
87889.13779267466
85977.53026934649
90361.69301860861
124028.18981714339
164137.5274145885
188111.40698852978
193863.03096748717
197823.40791543026
185262.18413774014
177821.28294838074
166244.3889477243
157538.49727003087
149587.1444914699
148828.19450752577
150761.17621283792
153077.66484224162
159615.70630773657
173395.98727036122
179315.98703782735
186504.14989130953
159188.19202098364
126222.28861308923
93459.79530966164
80498.22006862842
76994.25291954781
80687.01071598522
86928.67291392041
118177.24501396324
156248.6856161768
182698.46634872668
196031.8965267642
192215.2811665135
185828.75299506955
172868.5679819389
162696.0289763156
161310.71518671256
156083.91791668895
163918.8885374583
166112.67050727893
175654.11295488817
181561.54257633133
183430.38168170414
198804.1317337397
191339.67442222306
158051.22164095892
125119.56327831074
91596.63996963545
76228.20056304398
77421.9196525722
81432.01442588487
86417.69515975127
104405.16394015306
132578.86135374417
171354.29678991056
200136.37637002926
216245.51342714994
212006.59965548242
200315.77780252547
193072.63708896333
184336.40001860214
175606.7331900023
176151.80659534247
172974.45986239857
175385.34824860367
181101.7075848063
190233.9193175051
200151.28637830174
197917.4054610248
164459.9929766439
137491.63145852747
97607.0163773844
84964.01429110515
79069.99790123964
79667.69338079238
92920.27103786195
106089.97415550434
133711.61303691502
162897.34210692844
191672.4323748235
204984.9108399858
203952.060242205
197333.8848519727
186496.06043191307
177031.20750675278
170963.24958372925
173126.66247668597
177526.87405749987
187205.25011141712
197708.24624934816
214998.27441170273
227856.54518456364
219232.56351036718
183332.4636692419
135385.44040248796
102018.79800609854
88368.87648895936
84460.76498160018
88990.59096315353
103020.95381397111
153774.47789543655
208468.98466340185
199365.86621145706
198299.84750404328
189937.02001902525
187157.4140666855
186797.2332936839
178631.60068812338
176716.33651744592
171420.44490162446
168110.10086066226
168189.00671182064
170964.99234308317
187410.77841944186
207072.78150673737
221818.02896110498
221277.51203615704
182018.53060219862
126432.70513338073
90470.88713344868
84435.07458506642
78414.46887024258
83774.45581942785
102628.44849723691
165638.64014808062
229428.2802976048
218858.36085206055
194304.2635080077
177711.64059777008
171178.23640232102
171388.30626618702
168458.28411108477
165256.80931738624
161776.61130029892
164289.0858958776
166646.93173433156
175218.2056573316
194328.63768237265
215102.39317987807
229251.43189743036
230975.97578109978
197263.07379276605
139606.84322613978
92454.89851973832
77977.7931254206
70172.34846077184
74703.52858626861
99161.1071974897
163172.4746793856
231777.65640468372
223600.26000499964
198686.76197155553
175282.9118105339
161089.08905611068
155753.04208616057
157972.2545544334
154312.8545339326
155855.97633976687
154468.75970879954
150896.8952405838
156804.0155635718
172131.5653230508
179328.67193783284
198719.5854400052
208690.67564495397
179471.04276804955
130883.77801125261
91316.15535429267
75885.03912400758
72631.60452085552
78800.51584714657
94431.70515251301
142312.0093910969
206494.7948212523
212607.2135230587
199346.63252165724
183502.6399187126
165567.0763479764
153609.38481037444
148138.77192760655
144382.07572254766
138506.22702527745
138791.62617267133
139379.7676978109
140187.28176330918
150877.8998532744
157116.45038415323
165078.05729686958
170864.97181685915
157452.40262097737
126993.66870895296
97758.21856957357
84485.71983324924
80461.99972919517
75886.7513948396
75714.40792917793
82740.15872311637
95738.83949285024
135277.56882506283
173373.5453025876
177593.33094472328
209986.107381257
200255.24432808894
186564.76867875946
172543.73371716758
168985.12232812753
161424.46503303084
162740.61109021422
157682.27378100503
155224.74436625972
152456.8511408638
149457.64408876785
147697.57711301083
146684.89619316708
126807.53450170405
95927.22735645474
80613.87162141105
75699.64948333697
79027.74342866812
79868.69745567712
77022.99747937723
93492.68244484164
140871.4900045399
187705.1938179412
210727.72926948636
218211.02776399167
206888.7292332354
197150.41554596002
185889.97710408093
177287.43844812087
180874.62856005592
182808.90705164828
182195.61262760687
186864.8289321062
194541.80947345746
203158.5961770157
206231.4257174374
176188.5613753341
138621.8540659246
98884.28456862028
91638.90259483203
80920.42551596339
82759.83278798478
91800.07135495306
114907.39065983225
136174.7513253734
165382.99230248004
193990.26745383022
211069.0804719956
213092.52957276977
204503.15570493104
190053.79769883104
176899.64674315468
174673.17515458274
173971.34436294457
179439.9596505545
190898.42760421024
203610.83043859954
227796.6213458747
242526.48610931364
233945.13980785903
195452.85267207306
141676.92821915654
98913.08964174293
81310.27212411181
79150.26380166755
82876.61063381543
101685.58895303677
161044.60514985287
222849.5078041043
212492.04370316007
198270.45323273863
191308.56606541062
180334.70184478172
173191.6860252779
173782.68146515082
167036.94434986348
158786.14448140288
161186.29400400125
168105.20691627468
173058.45064251858
187562.8014095236
206641.37742754782
218117.7735338613
216994.31813704915
179384.4958442055
125511.77557145462
93429.15006763017
79848.85260468598
77335.8500514506
80556.46299660418
97541.94598164778
145825.12684727908
207265.06374358962
198997.19878205095
189146.3788366651
180756.52466099997
177471.4663612774
172808.37561606217
169453.34708727835
166891.4122719154
158990.9193162141
159707.61412129505
164190.52607405456
171684.54178437957
183515.1331395876
206328.94769940025
217240.62803509523
220985.5352300034
195516.65411091104
138426.59350498894
93838.81767480781
78854.24252525697
71237.25987584383
77059.80739263775
98891.99305619209
171292.58525677124
235664.86360480002
223748.53080111436
197027.62389905684
172599.62367063164
161115.01639514687
154459.78047118644
150060.89632538604
151003.88810117208
152549.35959344375
147756.37610416644
155870.591104998
170981.89870574782
182177.87589712194
202183.80245472354
217397.25601678723
228111.34052582164
191151.0514311409
132939.26556306487
89204.31264991718
72957.74034658223
69553.5300565144
70623.08577776393
91893.6562664263
158206.9126830988
218920.72619164447
215075.1457584764
194817.9064522041
173563.32127599762
166419.8363972904
159899.1322470709
153901.64826884112
147097.6468696378
148337.27925952617
144986.41828662407
150384.30236238506
164434.42728467498
170543.92240420834
186772.796158267
199109.7656387823
213428.53352620118
177550.8311278008
132472.38073440833
89860.47592728076
70604.77737789671
72294.7850490135
79316.50023597795
105952.01438770648
155456.98590559346
212410.65317732864
207685.71128417627
191541.56709419345
184761.964456624
173669.8835267142
165739.50963211962
160456.61843236838
160941.6754053535
161202.6078005322
159523.92199046767
154688.7622859733
156239.36990051361
165575.23007623752
174315.09209366646
185131.52960424402
183766.95178525138
163649.39661988523
125885.77955729677
93599.90809457874
85196.41695982101
80625.00987163743
87060.63619763208
90963.14489846515
107158.49623184849
134883.18263420608
154333.37571570836
181747.16354081925
192970.57735777873
188583.40518984833
183990.27283229036
176882.05743771532
171062.24367576282
167184.08474588624
168992.87287502698
167891.56342110984
167384.63647716795
172814.1280833126
180384.32877843064
184334.2267721034
181709.38001592003
154935.92746797073
126143.0820936777
93411.20538459462
84326.98179239406
86160.12673775134
84877.25753685679
88232.47420311847
98337.4556905888
120417.69991788297
151811.56476443502
179344.45006098246
196276.8602301687
198909.41314208144
194175.87148162365
184857.08382338478
177646.13651750816
172492.57247630114
171708.19234760336
178409.32030693215
185196.89536687886
198753.3923628986
211460.9560652515
222952.93351959207
216463.13959559082
182009.26245016325
138542.6025077585
103604.1770565939
86420.26750659695
77661.53016114281
79231.92237445319
101785.530378448
156287.86984462244
213156.19500706406
212057.2314434189
204499.0967630693
192984.96525732448
184183.155962746
172307.66938086727
170042.74782787613
162207.7164121063
162230.12810163494
167298.54427474964
173569.91112666184
177376.83252261707
184541.75784606105
201338.039758859
207911.5961229839
209710.60534533628
184394.13169561923
139180.19835899826
99792.28293776083
86187.21543741967
78888.94893876249
81624.06959250264
104181.2147560697
151190.11366798854
206339.00114198143
202198.36608720175
186123.21478263312
176260.48516063028
165948.80191230797
163485.89523539404
163590.81738760436
156935.84251899866
156869.77863707565
159801.15788447583
163900.69747141463
170694.55337407175
176763.26422124036
188774.256867123
196945.052664795
205967.18374083863
177424.25272236808
134551.59318046836
94436.66242296675
84641.25911104021
79555.14418740803
83480.61596448084
95443.5757641821
148309.61537131495
196719.86859701722
196350.86331606098
182071.40242100816
173963.7151113345
167167.28041070307
163765.00452847948
167064.36202747744
158501.40384573117
154480.34881306934
151448.07807366617
151519.53330966044
160031.5181769832
168580.75465576083
181813.28325065423
195661.44055533689
198974.219067186
167986.97208395586
121242.1474760126
89908.37180840077
81044.57269359667
74266.75443921103
83910.50452486763
101599.8392302443
147270.19538758867
199269.2619391936
198407.44119962922
185862.60951539222
169595.39112416317
161504.38982758753
154779.5630109116
154425.83767569653
148330.76149062478
146086.56625150458
145710.23190666508
144631.01749163654
156340.98377117867
168510.5208028091
184975.13168475448
201306.05041279187
206812.64813617046
175174.84871316302
133916.28921049592
91339.08868977966
76804.55200248536
73581.1949788382
74713.71001660671
90310.67196830662
150479.97999365267
203214.7492631045
203025.77000203618
196409.25991274972
186279.74234787968
175952.569824233
166168.7798398457
167713.2195382329
166957.47208528093
164686.3710832882
165535.75367838374
166643.32863107568
173152.731620852
178375.44476785703
185002.48612346724
195664.80748639986
194825.10622053983
176320.21309974662
132769.7759793709
97162.80084991602
80510.04718918246
78121.24169533298
80731.7360229217
89425.68252001253
114087.17831046005
141277.51382961596
169968.64072440934
192805.80564158535
202551.8877943959
200988.48766831987
190285.4591363868
187709.17958027252
179605.60122152558
173708.16271321336
167702.53566137824
169591.0360308256
172011.92531399665
177016.8070928432
178028.91250218826
183130.58436906204
183822.1808132806
166980.9357397352
129945.32474895031
96825.9471800998
89070.4525416558
83514.12539958098
79725.52853030543
86033.80686697301
103683.07033674602
121867.38654935107
152110.19865699383
179924.98242401518
193161.88620139356
186270.2877799156
179724.2885417419
180287.42848229443
173244.01878176324
167749.32011489477
168690.84272997107
178154.9854077757
180246.59530113958
192544.3731780352
202545.49149551857
209653.37737121692
198923.86601930833
167275.52865424912
120819.42986780552
92629.02785343093
81596.25591899363
77906.24185467571
77108.56314756276
96647.31985693064
146594.84971710673
202835.18940984522
198793.82003359246
190902.92385822136
180425.62013285846
172839.9353918114
168610.17665544155
164996.11250066015
157451.54917362987
153871.02772843713
154275.2286542061
159007.4525295845
166636.30462975346
180610.28141382732
192033.40238777484
200304.5966399945
202716.15483114758
179703.28429197145
132921.98303968972
92983.23302915836
80262.98930745009
75952.65725234046
80388.0154100784
100973.8363125926
154616.21453921014
211663.0082169104
210849.74457706296
196468.14411534223
181512.6086601495
171780.0569898953
161320.52648521963
157649.26866426787
152638.23651152555
151759.92440057287
153024.84764222018
157095.87432367474
165824.46990811732
181247.6874085308
196574.05554987633
205826.0426152887
208737.96995087428
187157.98163688436
137796.3702007059
94438.02476952069
85155.07284620136
84148.37514991027
86205.59361154544
103453.42919421918
158769.95041887215
210899.12689816457
207532.67257063685
193811.66768555244
180365.12052528095
168088.10388300987
167837.0599454801
165578.25440303938
164852.58578902588
159408.0999190201
160734.04472766534
165906.1743176873
172361.77848484344
183601.76308362038
188120.64834756104
201723.99568554029
207821.74928371044
188357.5676467417
143250.94638173303
101847.64447914096
82202.46966735066
83642.9595314949
89215.9558200643
104306.71456152659
155244.26983517906
203130.1274190847
202975.91588288592
191646.0465202688
180825.18358982579
167930.9870657816
163377.58827341674
158768.35099111992
151433.42114886464
152893.13574495493
150823.72275178312
155699.43034441155
165195.2502798148
173806.3918863225
185999.71162987204
197507.9090539939
208068.5858581138
176772.44342459927
126415.81219282908
97683.82163859475
84827.19111455008
79388.81715737875
85430.00524905589
101291.08443662987
149144.1877447012
195335.67434083633
200998.6791711707
192754.2766159021
180698.34605135594
178544.8228857614
173431.62684853154
167171.55876110317
159816.46964507643
159944.75731746387
156218.28809669075
158301.11694242767
165848.17398540047
172798.3562238616
174834.5607391102
183169.43707231322
183867.52091278502
164562.0931936403
128361.29351819074
96332.16674944319
86718.65339753714
82925.67790109073
86331.73112675779
95230.32430806842
104154.83315546741
130576.98889918331
163068.07989193706
187316.27765400964
197296.5582721599
197967.56947692882
190884.43659806138
183031.10538586034
175131.2755401019
169904.28513253084
168214.09987138366
167452.7763940999
172550.5538263873
176494.700370167
174757.38544944915
178594.90034590702
177211.37826049983
161019.1858160007
132323.3781690603
96805.1857882164
86456.06244494667
76740.73344899346
76950.061686247
86500.68168884037
87745.62680939636
101711.54745476456
132404.14838473446
164702.92553775222
181853.51621432285
184666.92965913846
178303.2362013
177153.58150307377
165710.37080514873
155671.134002324
162939.20756740103
168658.51706509377
173522.04364359519
184188.37757966653
197011.7020514345
202666.6992659562
197488.5891734934
180265.86498226237
135599.05734656454
98354.45724605398
80590.56431074874
78893.17217841276
83405.24495405375
100444.85457155618
147381.9075070073
195347.117985431
195231.1295525829
188241.44631103633
177251.7949930379
168872.34870301155
166953.9188150801
159339.72872545436
152758.17009362095
151859.54920404765
154449.0935589863
157095.06890465852
161866.17890548348
174689.8043646678
187584.01100639906
198405.92361728163
203195.40519859304
179882.70546794505
129867.87600051516
96940.72634709321
76047.51788249453
74030.79156044919
78030.70855910744
94735.47551526644
141199.48609979782
197441.24160843188
195842.73701161807
188215.6250001017
176577.08826454714
168100.02836150242
163565.94496678602
161538.86495818195
154402.6426878902
148960.66756540514
147287.18598302954
154254.23403307065
159442.10234610163
172317.06333779587
190116.16669672471
197932.2643416389
205544.87663807307
177880.8943164584
128366.20423805376
91041.17442641177
74756.82705769944
73426.8879583992
75813.93438100006
95115.43818152364
153025.52020548846
211502.82627352278
212185.9453541264
195589.0428159905
173699.38819182414
157311.24784558988
154425.83054058085
151960.97864521804
147958.57898950158
144823.6197907584
146793.31057891293
151944.8451838988
159681.38699602315
167985.17819897906
179621.5809456884
193523.02645077492
202122.6553796123
180864.5018811354
132895.2103649081
95253.03678181267
78293.25893212222
73497.65205817239
82128.7288588734
100336.64981757084
148533.42495488533
192598.9992539408
196011.36761615874
186220.30608055036
170012.07626666484
162926.05308416774
144655.24395601475
152654.80491491244
150373.05205766132
148370.3227705867
145605.9631681631
150578.8926779207
160365.65131612384
172012.49405728243
179884.0870473944
193894.2816989435
199185.64964024434
179174.54854613543
134010.0606280118
92057.12595455567
77689.61480352505
75138.24669432842
83109.78059723959
99451.96965573772
145303.74716036412
188817.25181469237
191881.27100726124
184609.8478370381
174450.48110635683
167006.86207293204
159753.93321953298
161688.60832519195
155713.06531282203
150266.68941002048
148651.77012988453
154849.48694933724
158009.06686081807
168502.97567891327
169561.79731727965
180033.65985384738
181493.394062076
158624.02626448806
125448.64625140025
94845.8576910694
82902.76190368544
74050.69917096471
80109.11712290738
86380.9098920748
102838.51470729298
124830.24226332874
158696.325322681
181718.73727073972
187072.98854452916
189008.14032255366
185421.72899916943
181415.44642281145
169096.73853940755
159559.00930388807
159126.16791563775
159037.6296224759
158777.75810491733
162091.65952681415
162993.5915205781
167743.53683944585
169607.43704038506
158500.53178634946
127642.97584597782
98243.89982511972
92625.97008010416
83402.90424685516
78145.29685236682
80625.25103808404
92084.3583994497
109152.36057519175
142122.246433864
169103.70753433887
185285.65267435083
191727.6064688733
187454.3224512066
181352.45133136353
172632.7106427528
164783.91010730082
162742.18780310033
168549.58934487676
181135.545287901
186556.17356377537
195086.36225993303
205822.4736251128
203980.9751180562
169187.40667198412
135667.04269178965
98112.25342153476
85275.05194915706
79707.19828195214
81262.88024003364
93443.3257050417
143512.094916497
198084.28548788262
196525.4123767633
184049.85382198152
171867.35448134254
168021.11129491054
157914.4307015386
155964.2653378603
151713.26926692293
150503.46050545585
151138.71066569703
158365.18408467632
164221.8962104997
177413.33218263657
186397.26188255832
193134.60340690118
203223.01729177873
180008.7005297386
131518.3532390085
92498.04854781964
77880.23203135551
77221.38810894701
77961.48942925311
97821.55722374961
146502.97928066694
197815.39622227702
188989.831265074
173551.40353449123
162381.83100974959
154984.78780038806
151845.76142762142
154124.50741776422
149080.36044549115
148957.29915856058
135670.1977380969
145976.41092024712
149502.0947533826
164525.17486990575
175697.77777030625
178837.15960825258
188831.32911965167
168204.67570580906
128842.19356412812
88122.21054609839
71146.54924322944
72194.52920320799
76909.03793344514
90123.58827620815
138430.51924672505
188902.75872294794
187143.09299490653
170842.23065047266
156645.82388347236
149638.5327309915
146367.88553706024
141560.35265147864
135780.92220900918
134791.34965527337
127642.63748948762
130635.29794637498
134846.411206905
141227.70576848058
152002.3161625328
153733.42410169548
166874.5226109713
154414.386950593
117714.25738083266
83515.17395708407
67175.8059760053
67018.43201388263
74040.41566014441
78972.3784949593
104246.21013854037
131712.6458870704
140706.21404458932
149724.8384885996
153627.41607072332
153500.29031097042
155328.55193283752
151069.3295479102
141421.1855529768
139544.14322289568
135702.75569881842
134034.77137966114
133671.71504135366
138364.61350080764
146778.56410680528
150571.8043568788
161959.2340562565
154497.45571700047
123647.38458752523
94617.64748007074
78096.36852811454
72354.42796579498
71018.42751626406
76072.11980090267
98229.42257774118
127802.4055708867
150270.32756894396
167175.8450845015
173094.20305111402
173281.21199091623
168196.90475257812
160836.89011093785
150674.57740347524
137995.4402175958
149928.00706370934
152020.95696469283
156074.655742488
162824.52501438066
170959.05217294474
174227.09753046898
172026.4141927095
157279.79055794427
132505.8887469435
98641.72428554403
78754.61893215014
75787.06847552113
79736.33854681064
89384.19814591232
99811.93355937352
117132.5251147345
151453.4451459037
181452.25702354952
190225.27866869816
187777.24534123618
178624.5134749608
170484.7037441539
161741.83166951995
158747.81994143283
164253.8717879687
160693.80810435084
163643.48550978777
170289.55941476385
175054.79735136416
180572.2228292484
182630.9268022481
166874.5462866104
137996.2441995946
101755.11790653288
82877.91475078842
79447.24701200084
79811.75136120249
88038.71679737126
97866.54867179005
111964.7838757014
153738.46658930724
173412.01752764624
187136.58197992656
186465.12547437716
177374.2602043714
172629.86468014793
166706.78858061394
161981.2204694008
160769.10700734207
166572.93880545517
173978.4352706274
182249.2244591701
188628.66234295222
197002.91943363307
194986.08448002549
172985.77475513157
134266.94550515464
97376.43114929595
80168.10008141518
76504.13803768136
75944.92069026058
94317.35666557879
133274.3789480719
174624.3833405565
177053.7403309926
171680.73524574723
169275.89140897963
166251.46839665202
161889.48333816582
161519.3679220641
158688.39283484593
151325.41238052657
155338.55786690736
156490.50547338137
157304.74959533048
166208.7949756641
176069.16142248167
181650.0267265382
189660.83190704064
169846.67687613994
132369.86205663029
91703.69846703127
78848.1274843864
75393.21539317346
77148.0658808251
91792.62282853869
132009.85592972842
182659.2105445819
181570.7005579715
175717.4179088847
172061.3205256363
166186.74974004604
162089.2307488765
160533.0725076252
155515.01892172857
153295.04430042193
151060.6507619846
156617.28942363738
163798.2212477727
174547.2565850224
187531.36655730958
193358.10702228732
198335.33107156836
170202.7311958396
121920.09484741237
94286.21400277669
72819.98267258941
69614.42796082569
78073.4374229903
99476.75865997742
144849.3007984861
192199.39323166423
193774.52948188523
178021.15260113662
164429.81170466865
157271.57025016245
153692.50022570416
150137.7534650018
145496.84659205415
143226.55849935062
141494.23072946657
145176.23384881427
158767.77751102488
167627.54483821915
174997.67777999368
185217.78980501264
194290.58851352023
174378.44358837098
133519.9736032797
97915.36192913706
75532.58549541226
69328.40781504965
75899.68932276167
97005.87353017135
146851.63383879102
188720.47630953928
193031.26686890743
183696.9564811472
169103.7356189172
159203.70524407318
152258.51566202493
150106.99459430357
148846.42734703716
145024.4899575771
142648.10528903152
147714.01041505884
148829.93934777007
166772.11995623767
168642.69129316192
181584.39343477637
191006.1606548071
177836.20194348335
121273.80203467954
93098.42415475746
68644.13218204121
71158.27781084433
75761.20069026844
88248.1691268964
132666.17071187205
172180.08743952462
180067.46790200166
179977.77865953054
175444.4192915208
169465.95397647523
157766.16636590587
156394.5462323286
156249.47030994244
151839.2780827875
148215.19260426433
151212.10722068587
156842.95633772964
168119.3955134468
168409.07833417534
169479.82814734735
168986.2213631942
154692.0214950892
128213.06239799713
95769.5609594658
82078.24487827711
77767.200596682
76484.84013207347
80298.29517169669
99465.14943094486
116574.4572601802
145040.3468385488
170431.77892915762
182941.36283999754
186079.99098379604
180151.78498354432
172766.5012232035
166118.98496198497
158214.30070206462
158247.78921797284
159807.2469177819
164088.3922826862
166869.97203026162
166847.33388980213
164373.86567734458
162742.88630980774
151028.1698793597
116664.63465971925
91295.5509491101
80919.2884043087
75617.13119248796
80996.40356769574
87494.6810411071
95709.82740160247
110696.81515705987
141236.1369146741
160482.7355293747
172078.95424748145
184620.2573629672
165496.61783852705
168843.72150487686
162691.92916819628
159102.24020219257
165639.55664282702
168537.09723462356
174870.61918482988
182186.56351771337
193521.63398328586
203398.28423375866
200483.7875487104
181771.0984012697
143985.22303110434
108109.42181499071
91287.9309470654
80040.33139148977
75480.53639584428
96913.59074228574
142471.3393409362
189272.67204458188
195168.77811294663
183381.1765018867
173980.32507334836
173420.31963950186
164274.32112824227
166434.8399330971
161508.85624666102
159555.40761794747
158233.85729892296
162263.74725281016
167473.16988392113
173593.76354449708
183076.62005659228
188127.00484946568
205245.25659081215
188430.05444382963
148758.43329741547
106108.49751225747
88404.30121594264
78343.25458134626
80791.4468773449
95613.21972965164
142724.3679442116
191584.13998041433
192575.5245276952
179405.13633001095
173888.52849306446
167503.13079144424
161333.11186779905
160916.66574555324
157808.18503581712
156001.42271896088
150566.3097794001
148689.64827078592
159965.84744215084
167006.6986555714
180648.8116086805
188010.14138429644
193708.29501013446
170961.95459262194
131764.64531181133
93351.2294818553
79978.50812909634
77358.71954378393
81317.58785538061
95092.83617466947
141121.56220131498
189077.83519642736
184607.3203718339
172274.4658633985
159009.89105613885
154628.566307224
155896.14452836738
157799.38578261127
151607.09794740446
148585.3366006766
141855.0926443387
144985.02019274572
150341.93992045187
162106.8539599926
171771.31431322527
182148.558946157
193502.07940391664
177486.94851738986
132374.31944438038
93269.1941965589
73269.44648969901
69644.14172008875
76286.62589321773
92782.53487653489
135621.31627117092
188326.6680859297
189516.11402098913
183850.89567054753
170008.46388741684
164409.5212528235
157306.438396857
152801.37644652065
137801.30120509732
142224.23558001372
143163.32208384585
141723.04250611292
153947.85701845557
165668.28646428272
171998.91122762015
182464.41339941934
191987.60190468273
167856.60836578268
133703.08162113753
105510.43041206303
81752.28611056325
77282.54943645709
77980.28051981502
89883.03679096278
129997.69430869512
176700.89470460257
184189.62120220164
179187.2468745212
166269.78085454347
163571.67768890245
155735.56669938075
154815.5527402848
147001.6144914293
144018.9449558432
143029.36716153237
145739.22927478654
153126.1850380304
159931.86860368232
163218.97552235515
171985.0529056495
174945.02883811248
163306.18530033188
139844.166724215
106865.07624121095
85800.0851169679
79801.85269432922
82186.3409101417
85488.06905495527
99695.90370516446
116357.6882205103
156664.30035328248
181515.27116544393
189370.95850608827
187438.95954491204
178805.88422688603
169751.7129069216
159868.59129037333
154266.43798128457
151577.3804107453
151978.307666171
154942.48095930595
158400.19649086395
158281.5708736559
157764.56852001554
160441.79246207987
149330.38706440214
124344.58240529204
94767.79681742606
78487.07019829602
71911.5743999797
74170.39319703741
80077.06450369368
87497.80335742026
98551.24650683794
132404.12607568354
160288.70189221224
173980.80324383956
179244.15673573624
178405.1737212808
172700.23064179815
161640.79416201648
153934.82749767337
156909.9589326024
165800.46095556236
169192.0613683494
179604.7507978933
186805.36798460386
200429.94630492805
194202.63265489374
176579.7556739217
135256.2190321776
98921.38242188371
80779.13417277207
75374.4428576092
77545.48033937973
92054.96577818591
135534.94594099536
179804.83836855428
181688.8276765517
173116.7627893707
164953.37729637208
167494.2267343461
164924.69163837412
157017.55707705548
153288.65626610557
147296.47573004648
146056.2694662852
148265.53185206043
155339.68303965198
159887.53524049566
173220.09894464433
180176.16640161307
191492.3902675644
169171.71847297
134871.0464580612
98174.99742081798
83131.75461070448
76939.64914290878
74548.02113747036
89822.16896693529
132113.00690560034
177268.62634377196
181836.43853222605
174112.30408517364
166491.30387769555
162800.11072449354
156911.92121844966
152258.88359926417
149830.33922339848
146917.86249624984
144060.71007645712
149402.3341578356
154338.5208766032
166206.62280613204
174211.43815640264
178988.5436513103
190444.40029384996
171119.63001419546
