141095.88239641552
112942.24150739115
96713.56669397932
87613.38356571009
85380.99083970374
88273.73967125772
103854.67559234033
120950.58109976539
133545.61666041423
159565.26273632902
186151.30040211344
202871.8086869366
206734.65657511618
197383.36839036646
187511.59093441122
175741.50566354854
174686.62204126603
171103.50675530365
167189.91513067705
168232.18849512746
168328.1886278
173766.49344586793
171269.89347224066
165458.44968836333
147030.6540432853
117174.60165371216
97598.408257232
87018.68565585374
83184.96527683722
84155.75958265182
94101.02745862064
106226.83937212048
128948.07349602772
165450.40638042745
195064.27472364446
210856.54107091346
210336.15336998887
204999.74039114098
196882.6683067968
187977.12622120415
183327.9246084579
179341.76695382487
177664.6994785568
174741.55031024368
170702.12596620087
172544.8347190367
169649.75267435104
160243.36345159967
142082.89739085615
120992.01441631597
103253.46372561088
90581.86567446626
84886.83711652315
80071.09568006305
60236.25776431982
50299.72016905018
98960.58668680214
165339.63475967225
215020.17863132386
235332.97609407853
234723.33598740434
224471.1849419348
213059.01476309117
200106.18794216777
194838.70625910623
190414.21530200058
186574.8014362887
176629.3648352922
171733.6812865202
172321.3784123809
165916.92070874543
160506.853574904
141038.79686459494
119642.71451160702
104046.32415458417
90292.8582703176
83811.25205902565
76877.43371230601
58336.16627888214
45784.92890672988
86078.91303152904
150590.2945716861
204078.3833383914
227587.26716801937
231596.01957051863
225171.53744395415
213973.81108764646
205797.29019707048
201586.90128651581
200028.1685796193
199485.56244169798
202663.00199573283
206200.5857245821
218494.70194818545
205540.54698496178
185544.91188912577
149682.32339289153
118422.3915179642
98743.88393538453
87358.2363401769
83775.16088557217
89291.65723926862
117980.96628189113
142102.422069291
149373.82242971373
171005.61954452374
195390.312751463
208651.6897756013
209607.57036417248
205700.91755656348
200501.61035107906
194429.41526525357
193286.04867971485
190244.27682173974
191756.5242934317
197840.62490784234
202807.4973982901
207693.711094018
201030.81516999728
184342.6816157881
146849.56328395696
116033.37784159431
99122.37346399341
90630.15601902478
85167.50678597012
89291.29654010842
115933.93793291098
141981.60577504602
142715.2956780397
158786.04282627418
179974.71467212585
191086.1840387045
194523.53715606648
188566.87402534002
184211.31999724274
172824.8121283817
170571.4089642005
169684.20906279588
169916.2066870899
178560.81064705993
185448.68922892568
191508.30369094532
195909.39721432145
179899.3182778486
152379.2701296721
117958.77525308657
100551.43842059118
90091.50223870583
85854.36878883913
90841.48598443091
119576.93262657091
150676.62398884894
157317.3742786458
170810.87964018076
191123.10066518045
202217.78020458695
206958.3429414938
203630.13875816297
198414.79076243102
190019.52726884696
190937.37492488042
190107.7489924987
193610.54509890493
205561.20202376632
211866.3184447723
221361.03724624647
216128.65782034994
194252.44526356182
158384.8364615159
119858.81490189675
100135.78640887438
88088.40565538735
86127.97829582667
95143.3130844449
133226.9830790024
172100.52308706427
177534.42457258556
182840.94468009117
197128.67125086245
200230.68216906456
201849.2886291022
198067.13118080905
192253.83519831125
185848.15123738896
186126.24452544472
185404.2711069057
191896.7741382091
203510.06768106966
214661.4854649957
225695.0360093197
221194.7594685754
192151.16948615972
158022.7429340117
116789.95407821643
98303.29787891508
90401.35713406409
84448.97390424633
93161.92578406018
133679.4128743163
176853.45452999917
178685.6144943712
185928.07712432987
192661.44191917608
196196.66025422583
194940.1623228388
194367.37676804277
190962.62416635582
185390.6221530454
185465.66978377718
186410.90480931607
191195.32280592655
201605.30734162714
207602.39598034884
214653.54277527946
204425.6457782085
187029.04095735442
153483.17859481712
117924.63068323465
100885.04839593281
87652.10693918921
83752.75800022723
86352.56373648555
100859.51055945473
130004.2273978235
154073.44006948845
188246.8136139423
210748.24182266777
215484.65970386445
211678.62131334626
206966.42157584042
201284.75276560872
190997.83698915647
186951.72260064728
186510.46631671145
188495.87907935138
190850.33513266157
195964.4621626635
200726.20633579342
195138.3929248696
177319.73708779662
152649.3911948618
117649.03532148087
99864.4872432454
88991.57826243638
83352.24302440195
84977.56235745139
90743.99411846508
108172.30144827512
132538.72055581378
170973.3134645282
202513.91825937698
217209.5268053541
217925.7146881233
213311.22393905857
205235.2500137228
200155.74435597626
199047.48628373738
200826.41629637373
208438.345829053
216015.07230111974
230067.46235174165
243834.05699884053
228849.73261067754
199121.3700277533
158438.33506439952
118927.97569004374
100309.1744141558
89034.61674968398
84995.39288352548
97182.21184199207
141319.05728689182
194144.70102376447
187592.44007259634
187835.4483496587
191679.96104656448
198556.27108788546
198915.7693977261
198764.6474759624
197352.94292253102
189192.42488202805
188389.77479747948
190441.01397519207
196048.5490220288
206128.3490529329
219742.05893332386
225568.72272731058
221054.96364975878
193177.00038695196
154566.3105622883
120386.04451106487
101145.04623012562
91187.73129786787
87041.91479398156
96744.14344567087
141558.5565150227
193384.31397539278
189447.76189864535
186839.45778457363
186743.6372129412
190359.467097209
193921.35840994856
190677.1840059687
187095.8411000311
182526.48598402698
182972.99453771513
184803.4756237082
190741.93554931012
202163.9574941757
220922.85081420312
230404.90654343937
229884.48259026452
201591.9138564062
159006.94299683947
116518.52254561706
95105.86583891108
84506.5553340474
83478.19544182916
94478.30952081234
143834.42124116415
198689.43151863452
198777.5314161709
194685.95831872174
195586.43085385254
195445.66141263294
194740.0892908899
190993.725812761
187692.0289258914
183558.29811511005
181172.5132767006
183589.4188786539
189859.64282983818
205841.87154298596
220119.9403982854
232341.9470136381
231494.7742000902
198364.31396458708
153925.84966155162
113700.27797632088
97150.66587576155
85750.3648958597
84336.10122848004
95558.60017996276
142863.89294160978
203044.70478298972
202395.53128217507
198251.6225468789
194260.92309880804
192773.6084149254
189861.4984482342
186602.56977906174
182252.25803798126
179402.82554343902
178847.05995973025
181129.2937535971
192319.15371670955
201328.6919946185
215826.13335107142
235256.39375007123
227542.03795626338
196251.6521010507
159536.1420057619
116454.23392944378
99503.54428650474
89331.53884569443
87718.36795573932
99268.06003526552
144818.49165398662
199758.39032899038
201553.08696660493
197286.96786611478
196120.63209568345
193709.76859770855
189663.9606613457
188180.6204772435
186001.48149315311
179942.65813801906
180113.3048261253
179426.47367067312
188637.14535198192
200303.18237748378
207546.21875131433
215736.2135759138
207169.24431974787
187131.1429397148
150051.68963921865
117569.98637591065
97645.43531423727
89127.1569882618
86789.21871500624
87598.97422314124
102294.22897855077
131620.56593998734
161850.93457020892
198206.64170266333
217474.96073600333
223640.51462852996
218429.3423349092
209287.04593878446
205268.07379156645
198502.08670105343
193259.35970266446
191674.28646658538
193448.59268650322
196260.29491106182
200795.53943547927
207950.5973945136
200396.59199120136
185474.00912843854
161599.87543242154
124946.21081230698
113215.36334590141
92833.83119533064
84776.86416480187
85613.36946649215
93900.9354769018
108049.08548882257
139485.69632750453
178961.64025220153
208353.88044893058
220672.65469228837
216942.5794635278
211450.5403759188
202668.05023022753
198981.88537512237
196389.0603676705
201726.26357819024
210314.49903321458
218174.8219360746
230620.58080529852
239913.75667721825
224128.42959183885
195155.62731337504
156566.68158772777
116858.13538032476
97111.62907484517
86583.28832711907
84683.53941275447
96324.80073701567
142935.30669258762
194047.74181876835
189521.25407547207
192832.28240152454
198360.34905382377
202362.95886241685
204886.369474955
197844.44905842285
195243.5342064516
185644.29606869875
187084.7365060025
188965.12651348033
196815.31008857148
207981.8281790547
223609.5842889616
232668.31246014335
224866.10931055818
199411.22551331477
149726.9772764524
113770.12591150402
94454.49092785438
87064.10233853398
85584.43265148035
96764.67383056329
143728.58075802823
197026.18655239313
194005.08374638858
193511.33168954472
195541.19825881624
198245.75879511848
200050.87276171346
194933.46037714145
188932.141915402
186854.41915537787
184564.41362272657
187847.66480690142
193227.81889650915
204311.71010064663
224392.15218479146
234180.602521504
235517.98586877307
204240.66041891984
156794.92780255646
113471.75480207952
94306.61708387929
85900.332659053
83561.74578481547
96454.15285616933
146318.54184746792
199241.71873699475
201806.85803656734
202058.9280604808
201241.44294963585
198874.02979372384
199309.73538365812
193742.6605478119
188964.32252269483
186015.05280748726
181755.23090951864
187492.5526954597
196345.04631773126
206132.37185634943
222792.6160044076
234276.31223005528
231300.31518719828
206699.71562640293
157220.07712169643
114581.89590199322
94303.95195070624
86072.51516333644
84289.06536516703
95574.61243282455
146559.18884064455
201321.2124775971
202327.48031729867
202940.90357914806
200758.8290121042
197219.7896482331
193882.93407201034
193151.69684367045
186232.8905450461
183355.4495204066
180846.22483110233
185050.6934500168
192680.33893806525
203342.81025833945
218896.55777223743
230638.0526086914
229232.48308126704
195966.7812239518
153082.04558439468
113453.3261687602
96914.82650798059
85425.82395222737
83960.99581859817
95883.77715440419
143200.84898712684
200414.85109725696
202136.5741099079
202558.60993758673
200766.12872603483
197459.29909988178
194988.5225986577
188927.26867034117
186050.23605545028
181534.43562166442
179574.11476496435
181229.68787795413
188509.13133502184
195061.77093608966
204214.47302897548
213831.93953269918
207302.9174230162
187035.79508194968
150641.17154933186
115394.53326913915
98803.56285105218
87866.13663570101
85700.28904480963
90656.66544927693
109577.34802170568
137742.55296343972
167540.9618087538
198087.45808827222
215106.95767208494
217552.9560072205
209859.21964078414
206333.52168429672
198385.74750158677
189815.08437236733
185861.0821493271
182579.7342640059
186779.7890375103
187404.5376599126
193733.6682899993
200708.35632677953
194539.69714061858
180925.05715331068
150298.12589085
116859.78969819596
98578.88760389853
88366.44275076869
85573.7421798984
88370.49645363176
98107.87230873393
117583.26980325459
148064.57998160148
182867.17207620246
209937.32667383677
218732.40402319262
217457.52871350996
211066.37020688583
204511.3230137007
197951.8020098682
194649.50615283023
196345.62726312084
205999.03735828452
214821.20436078403
228955.61635444
240622.29762200473
228731.0538621709
197471.6647871303
155112.15427057687
116415.66043184338
97199.48985866753
86008.81068984073
83788.93632607674
97371.07005306806
139889.26411130058
189068.1100478522
194597.7663202964
201189.78604642852
207306.68006427962
209520.72013123854
207215.5518655948
203749.8437746677
197499.39929649487
188100.21693573688
187344.3904893933
189977.1068928181
196599.79976504244
205898.09060720267
222166.12590311072
230547.39511008502
226292.98365009317
199324.71422474075
154548.0958482464
114675.57551797245
94425.08062256237
85001.47212482021
84897.68330390535
98155.96307457749
144460.6262164062
194762.45368986737
200315.00526425499
201014.69756348213
205634.70643314836
203842.49565562766
200575.95984694755
195241.7111435506
190874.2526588249
184105.52911921145
184791.20299718168
186910.80175652838
193717.349626938
205110.68885192173
225401.87496943166
234396.0308063377
229664.04974919563
200694.2299450361
156627.08456639783
115766.27595659332
95227.53015269322
85384.13740954912
84791.52275854509
97345.76669055712
144761.06633094078
196676.53353695167
206982.4856348684
207942.8454633775
208510.97457469534
204819.64608774224
203388.83247211875
198198.45404820383
192976.6681760676
187819.8023217668
186218.3020586475
189391.40315274696
198118.59476161032
211832.76302076312
229517.03644573764
233924.49678892497
227243.43335411348
200612.71981328787
153126.1078213245
112412.82796031094
96261.28412903438
85025.95954428775
83812.38160533737
96404.22942960076
145608.14492262324
199921.86059370343
208507.85486207917
207628.92530248305
203982.0873643361
201656.99673463576
196236.03958661132
194221.7202768061
185701.2462134094
180669.28858638217
178803.27571096408
181441.77912862867
194834.29837545136
209222.70132139392
222267.7504658406
233166.0590516925
228726.30454702978
199190.9148367371
152679.50442569098
111348.1246557583
94906.17063099873
84659.25123925984
85742.56637711723
97020.66570193793
147713.71714620778
204885.0652468627
206890.57917938568
203285.8294360603
198363.25593329748
195249.33851625666
190996.42105840915
187720.17968296167
184701.04449828298
178491.34026766795
177521.17277082588
179374.67311764212
187154.9673014516
195626.13916538403
203326.573682742
212544.656711066
207297.89067030067
185645.53574382208
149834.23248701042
114036.53209327754
99337.77522937064
88228.65781974606
85727.13068609244
89383.10873881543
110315.13068189238
144064.9473232937
172262.43521993997
199829.2527406992
214912.56509096993
217730.42831643
212377.32284590407
205195.6681985945
198469.7015581749
190464.6658205411
186556.89626340018
183027.4655420311
189623.40756814554
193219.6030657561
199510.30304186372
202679.3205502192
197469.32544682774
179764.48397856555
142532.59843219357
114996.1675224927
99925.18331427986
87240.13008500774
84577.08334743751
84717.28206592784
101692.29868251187
114388.24277383425
148554.53208199382
184343.1234096426
208862.15488714876
219916.10799031705
218355.18766109232
211949.4984026475
205074.49471263136
197182.5086997259
196980.0323521062
198220.1735497236
207065.38478122267
215566.0026156603
229114.23282782448
241071.43143550796
228517.31553498024
194981.91908805576
149296.93293983294
112561.21339766454
95736.60386610306
85536.91017364399
83162.77261523
94906.71524045404
143309.76670739317
193524.96337973166
195244.49969936773
202171.92861298923
205315.61619653474
207875.86823493044
204979.35560296854
201729.9520367813
195488.24332471288
190559.02286413775
187031.89343477268
189359.1971393407
197745.8251592946
212104.84381572768
225831.9212770343
237136.89155201294
230105.01760247746
200908.77803542776
150747.07269566078
110372.2952153527
94701.1632921704
85767.79264436947
85024.09058400031
96878.0125113191
148543.64479962448
202044.5735180589
206466.66616391344
206891.77921392696
205836.8981063238
202303.721588115
197846.20223205327
194857.23975741776
191829.02612606518
185000.21904835975
185047.16538730488
186900.87280044548
196093.24291564064
205348.8183783396
228217.482777755
237187.97386563523
231008.68718081375
200725.30573647429
154349.9272318369
111626.05274095108
95143.60892190739
86188.91616516442
84962.13395086252
95156.96674584241
147743.95569639342
206416.66603453044
214797.41234718252
212310.18840598
211817.82058738518
203614.2547216993
198813.64557735418
194231.21923302597
189059.5744764955
181733.4009464656
182208.713743508
186920.43848108602
194296.94836661074
209423.0182211388
224388.34672773525
234050.21220027213
230089.9779768964
198343.4207795469
150843.59786964327
112118.19886374038
93250.40657485198
85743.33167644043
84710.59486198786
98984.30636991015
146693.1022181459
204846.2578899736
213751.61146693825
209791.83635182015
204429.52629182825
201820.84051445324
193683.38440595887
188266.16618728876
184369.97088737003
178868.44054631316
176366.93413833
177262.98748261918
190159.76023040965
208155.2323775005
219278.24918581845
231360.79892112548
230543.7999824254
196093.2006269171
150812.4546145165
111350.71477243873
94208.92121153348
84668.90354254877
83841.25196459066
106382.028491389
145830.9257630217
207606.8977493406
210649.64540849635
202947.93257488753
198048.70811980695
192244.37675756894
188266.8112293129
183601.2125563168
178772.41607459594
177242.0899662768
174817.93117667397
176909.92698225594
185382.4386910934
195414.8299509715
202628.6262839681
209800.5402373573
208798.97138458045
180708.6664917257
147263.69954453528
114064.53505974222
96025.0090297482
86608.28276733575
83511.80945682604
88785.02338619505
105960.92195158238
135619.8152087625
170962.25809722458
202260.75594079748
218579.50215769123
221645.83396499342
214228.753959121
206954.08513935798
199608.10536453995
189991.2101220369
185422.76938642256
183498.86572018918
189427.90368520818
195545.0473042177
201209.78075805423
201705.4797989285
198516.95043680174
176311.3196857358
146054.05844712834
114216.82361711407
94250.67304947333
90331.47352937814
82343.98504960832
84859.05974490505
97623.42752868838
117256.99344386006
151676.14662370697
189898.69246226148
213883.55588076738
223218.82471615105
220592.04458814586
213560.45168018911
205176.9425720065
198124.4270290627
195720.3458013145
198483.80080716778
208960.93422141325
219846.2110459983
232927.11189766927
242496.1009601917
230224.08609318273
197176.02355475447
154503.31861869938
114318.08860283882
92526.18766806656
87459.43350479154
84109.18294426838
98900.59245285754
148243.39615103224
201172.54949969522
206339.9404651793
213340.06285299733
203902.0722248022
204193.0868044155
194088.97464231262
194139.80127250587
189923.17748663944
184792.84617858587
182705.69404462856
185204.1340807468
193287.02837519452
205073.66890593132
222146.83581460867
232773.20703787883
228066.60835235636
197008.60219515662
149076.17631193268
111369.3072390643
91459.20720993646
84291.36559301366
84007.53986471592
97519.0307866207
146860.6976141329
204755.36071585357
212245.97849201426
214404.53741278735
206692.1599543647
202194.33525146218
197366.14316660946
193167.159909829
186888.16579840696
182816.53155205204
181522.2588317931
185409.52776434022
195396.7859819372
208025.0811458003
229898.81691486452
237468.8482992135
231790.70896639256
199764.06481850878
153676.11519560544
111184.52910190301
93363.28643851554
85370.28127173925
84998.1047700318
99973.1301950093
148292.81457407947
203086.2709257991
207897.66901139147
203612.56710374283
204536.12931239858
200115.448048137
196269.3743169958
193236.3986361498
186645.84335912857
182357.25377451628
179595.17460530766
186028.7699206686
194223.70096556572
211048.44245850822
224557.6365149406
234867.23863358964
232349.7789409267
198318.27868254413
155038.706150017
114177.7249025435
91478.52575313323
88114.9491390752
84231.7190509264
95616.77715675038
150305.55232372927
212193.4659286017
221878.97278632404
217649.2533537653
206083.79027006676
197839.08725629904
191358.05554035364
189314.36032622814
183283.82654675416
177793.8573056933
176941.00950306118
179841.0090001471
194546.4988912026
207537.4105617131
219341.09624780214
232866.94712933962
226937.6088552329
198368.92520725788
150588.71854090408
111957.16438797355
94609.57083249674
83462.25277157256
83941.91507875641
97691.10143413015
148979.17963367695
207831.04210582477
216117.1175471133
209597.48178269895
201645.0924470134
197421.59586876293
190115.5239883019
186133.5323091218
183287.88213776186
177888.05401495978
177157.72521935828
176643.01278671448
185989.04331700967
191669.96555183546
198242.80920421807
210020.875254409
199381.86498154342
180970.1107390364
146417.34131720872
116034.66547397058
96615.74381807896
87107.10427171661
85539.42950981122
89761.27872862262
107802.21759010464
142264.42878513597
175403.2569691331
202422.06047956736
217277.6041714424
218883.51776090224
211391.46366909266
206060.26748926032
197929.86540277916
188808.01819865895
185015.94509473164
184987.7096595534
189571.845221815
193199.44451663952
198566.13043987035
203009.66397565234
197605.33487576348
162264.3769449447
142039.34903906903
115175.00899782071
109027.13776898495
92725.87243591285
83403.50449406149
86969.3310901565
95099.56731874861
121022.0714802656
160837.7599733226
196848.6506773899
219266.82386725
225919.10854508623
221583.35950516272
213934.6728533739
205030.40442910843
199858.92699253687
196441.1656218086
200539.31750440202
211184.82038989896
221980.58075395602
236308.9132289152
246491.89094834775
229569.4953926768
194578.7553089078
148559.9182001757
111887.31738879939
90612.25096780052
83412.37276121852
84514.57752970372
96435.1467644628
149172.51208955218
207533.56616701264
210944.41930475624
211301.59969575403
207720.43476796962
203003.353925832
199285.45890000518
193904.3685912514
189725.93612745067
184228.65676977416
181617.18884629657
183190.42626485004
192875.29815826952
207514.49737326257
221794.53123129503
232215.80909052308
222181.27235926533
195706.84394125477
144404.3349093923
108044.99936706739
89523.01707359367
83579.80433502574
83050.27717755442
97220.11061826533
147152.51264380268
206761.64091048422
213371.39085034654
209703.23035503313
202459.80522626976
198034.6891377209
193021.89343046816
188795.15654294225
182635.72973836103
179018.78679072642
177318.3798974102
180237.42518168862
190698.23705891418
203940.10249247952
223934.34054707218
233428.98555265798
231060.60355101834
196902.16893751948
146386.51160020073
107049.76706047117
89352.47951061952
81265.29626845822
82407.53907407819
96098.75027580628
150101.24572700605
212516.24911567604
224059.0272636449
218687.8716273802
208094.026684038
197917.2159748734
192030.22498148642
187377.76059838882
183109.83587645204
180076.85103085393
176502.53179242273
182015.4842062306
191751.944988951
207899.78929402036
227293.22253770212
234404.0974677673
228287.29962315568
194959.27748890783
146693.60118653456
109348.92373652771
88251.94288212717
83704.18454237217
84214.63072778414
97725.76036036905
151839.68521007904
212090.66097647286
218494.42425022807
212689.40156735762
204092.83078087305
194766.58490433748
191109.0536483579
186760.20887872446
179719.02314359206
176828.33337853185
175342.80749820033
177531.4261652792
187849.5084699839
204205.22784211484
218856.84780633013
227799.61250701855
224627.8344827706
189432.10308180013
146436.68551582412
108091.4785713616
91192.02314167228
83586.73028538894
83917.92050512737
99262.10972799642
147956.38440565576
210703.75362310544
216135.29990930855
208548.02796009489
199728.6180150765
192944.88337126886
188932.091579853
183808.0090566823
179459.64557767217
176598.47021147585
173400.30708589946
174620.05722965166
183048.17110686077
191461.3517803289
203599.77323696957
212889.0791663849
204218.09438202408
180528.95341816937
143756.5475271772
113446.66996412388
94273.9827139615
86209.29481312461
84141.1933772758
91289.73482602953
113707.42948267289
149204.77702814413
180476.87983036
205746.45889810153
216349.20496066852
214844.98327507396
207720.20346088134
200958.38225662752
194045.74885864192
186376.09530110445
182797.7532735658
183279.90131665344
186320.0302341405
183904.46932915066
186278.87504237436
184831.63932866472
179265.38228542774
167282.44150190038
141487.44839645503
116825.22217571785
98444.03290379573
88597.70551059548
82717.76500451598
78200.61630757365
60434.65978060219
57150.676209648664
123040.84369135828
196080.4899571677
240794.53104876535
252490.1523762663
245449.48187396565
232698.64997602013
216683.6614357872
203903.82633266997
200870.96635999862
197350.19861803975
200946.6866684752
204585.65423237954
209759.11972617483
216510.38585679463
203700.12156107032
181969.23935092246
144672.46290211956
117145.46340246266
94767.6066789745
84251.49512324009
82539.98570224758
94806.30360903969
130299.3947794338
172301.49558086318
190846.83889894455
208010.3623972011
214617.18970520434
214056.19148344526
206645.55874481515
202058.04591640583
190319.02824170236
185172.89324363132
181394.59169370987
181924.30646621875
186780.80832778738
195939.4697952379
211792.7952013295
215750.48961351914
205457.5212221345
183852.62366135934
138742.37487119972
108420.997361098
89942.78652152643
82350.35093625069
82626.50222953812
95198.37044089819
132758.4748183724
183169.25751310974
199726.87142622843
207918.6644867921
211402.21309225992
206901.45305208061
202950.31012520645
198304.5669460773
191331.56256838594
187197.1057790004
186678.6940937086
189364.72738143703
203566.5167096668
218746.67701200137
235631.0125811348
246743.027551785
233096.41736962472
200812.21002272327
148303.8990828139
107176.25671505566
87788.46092888886
82013.44187518653
82861.18092900953
103186.71168141681
165372.29412064992
237588.3722880152
234003.27161498167
218474.06790935196
203925.8723222061
193590.21797822465
189135.19703479644
185871.38942447375
182160.78838251013
178757.72928969405
176025.41102399648
179520.6464570398
190512.0254490144
206958.92877325197
223530.76790449733
228028.03082231118
222291.3507101746
186730.5321614261
145115.2520279416
105056.77719707604
90426.13197771758
82290.04803150312
83818.13627990641
98657.64740658873
150739.24515185313
214950.4378173973
222497.06692908547
214344.14137987205
204184.44575898343
195306.3500230584
190828.81396780908
186309.5586748454
181531.37591962912
176711.1247537751
176913.1272177109
179157.51200126094
193789.99365766215
213045.4832326079
224964.49517927435
234201.00439864455
227124.85987123998
191372.6856826353
143088.55338183808
106074.86859710256
88917.39679247905
83407.95617531672
83728.45860170419
99509.0072392857
157468.8560237208
220656.59454160708
220947.06659616024
209021.5127497053
198994.11994907615
192407.6601078736
185443.86359058454
181521.8418425253
182062.9164364979
175799.55441139307
173885.28217162171
175958.24533082225
185660.39507391962
196545.26173380026
204347.00930656432
212837.48181475414
202869.99173099085
179000.01265718092
138705.00709511014
108533.09733566572
92017.2642935024
84734.82585338151
84115.6649696214
92516.18852722706
118047.60438541367
159495.82746360783
183512.20179253432
204601.6339102148
213969.32354299547
212144.14631546824
206632.65673366198
200236.09864773144
194291.35042828327
186205.61114304166
183148.37933707726
182271.65897466693
188974.6524653591
193364.6884911522
199673.90276173758
204054.6334016269
196416.69311676573
170374.9951478859
132636.36275159303
111141.40955457128
92613.3774183898
87406.67896263744
85230.78159908918
87842.34506401533
105121.21534017782
136073.80029935602
161335.1647641889
191183.80103483514
209037.26497513682
214835.74034041658
211125.3018721709
206320.13671839755
198987.934771971
193153.2508308284
192205.808742392
195551.35439866578
203469.92602159275
214585.5719166625
230165.73391588568
239895.85435361427
224105.96408878
190747.90734255625
146598.48384521488
108730.99173724139
90192.62192727608
83297.65149769148
82645.28445095698
96807.04474638443
150489.40848859982
207722.0495042946
212240.7505981174
209564.21452569833
206575.47071414517
201153.26709569647
197235.292182467
192381.90314807062
185746.46301957022
181094.87608416995
180654.588529921
181742.19873740373
192103.1362675734
208111.3785068996
221596.029015716
232780.41387772938
224552.7320453173
193138.1842555079
142773.91777155374
104772.41369969216
87850.77437582388
82650.2559762347
82992.01430628439
96909.64128521696
151767.35719365804
215166.75726355222
219580.14386621
212480.81288777452
203809.64977511019
195868.80428251904
192440.1271315747
186601.2085862455
183993.56294897725
177609.42830775454
177869.1762116612
179604.52604242004
188906.40503127678
204310.72100794496
231754.8593138177
240829.9003198565
230454.5055087151
200579.53623230272
146619.4278785113
106086.04093948338
89200.9085558047
83575.35481766005
84598.51134144471
101798.70013378059
167114.6227033931
241051.3957715396
232772.70665715542
213074.79154092583
195934.80187335718
187513.71535035255
183113.75733241413
179629.22500208643
176584.6985124672
173239.1832552655
172469.70526506886
174850.827287928
185117.57346446582
201159.26307724262
222438.66204655578
232933.27415205125
228563.9441934895
192747.84037014892
145773.07484761573
107626.12144293677
91587.48369936197
83455.1905358451
83690.79266928915
99401.11182691537
154038.8191949651
220488.6540307268
225872.2637300095
215729.18014031276
203929.87667559492
192656.42168761176
185216.74807531637
182840.60961422557
177069.8104849529
170580.8777570492
169674.55754980378
169972.67253839297
178243.64843640843
193437.03348878815
205220.70336603097
215464.00956966527
216696.31263097897
190310.3922889264
147728.62266032552
109212.118484076
90209.69044259662
83660.48280419891
84151.23007352605
96377.10028582314
138672.77268098248
199820.3415020993
210452.1769922478
210660.71945909367
206548.36301432922
198822.2310575433
191818.07970315748
185052.02315435873
181868.48028993962
179145.07861065937
177181.55546951707
175284.10642706903
182846.5946720906
187470.12787321024
187386.29461096358
189165.89375306258
181334.3163797656
172146.5703476055
147401.0410532875
120357.30040107596
97836.15549843664
89416.8080805146
82998.13105147974
81265.38912882294
71214.18577787589
80040.97377302259
147378.92840454995
217528.13601311206
242055.6279863301
252327.02589464033
243284.84226402588
227352.06804322125
214729.60528098076
200690.12704763983
191071.56835778066
187261.96433490206
186687.74222970998
186573.30193621354
184120.1474728231
185353.5958376943
175215.49918739102
163623.14542184919
141138.00550501628
113773.96982424539
96223.95000656164
85500.96513400073
81774.88233955883
84446.42589485491
97355.30878963938
121488.75347326185
155160.43155594525
193135.5493654109
215948.82908691146
223233.9590507196
219438.7439083629
210570.6691453606
199020.98916286704
192011.16964149187
190236.98941815156
191137.05971368664
197655.7041398112
209285.75288775918
221915.01881786343
235338.68920908007
217759.8143395789
186827.24264744326
141316.42661615377
107682.10323253479
90671.42277876771
83077.63245386005
81661.1508994213
96628.72477076101
149635.52196351948
209924.61111727016
211773.22008650663
208714.7058246967
200141.415649439
195296.27761340945
190689.4099482625
186273.74345063796
180739.28993482684
175234.1621514154
172643.23786436906
173740.35844690856
181301.6573035439
193863.59216007273
208023.95000846975
216431.5399490327
210983.14966396568
181764.75824956584
140424.80367735936
104616.72731947919
89405.25267416032
88224.19457739202
78329.36431387241
95069.93236235263
134113.68193870387
191612.19910329732
205937.3303214232
211241.44213651604
209605.18388887454
205049.7412387072
201840.8390645535
197905.64853901486
188990.31000361458
184662.24580004497
183323.40986085814
185348.30304316586
196138.4199390512
214312.33556879355
231323.5920204742
239746.32403340226
233409.20031662134
197424.270154926
147125.3314876195
106170.15586052145
90461.14294911952
81752.0541258702
81189.6745712664
95148.37486449239
153409.20358801103
223560.75955711052
231714.86927209748
218669.36875652988
207051.16874515382
197269.13864258584
192119.65358956734
188972.8482040796
183597.25368086356
178219.37554126917
178684.6927731372
181426.57446141238
190678.7660845411
207033.58432991948
225515.15520605515
235102.1301288897
227317.0344511074
195103.2560496826
146026.51082445105
106488.10890954439
90975.24330886258
82477.68632713317
83245.55389744046
97255.50824977363
151888.8271388883
219801.39706002112
224641.09544638108
214500.3672695962
201766.75318423787
191859.78647888498
185893.9912660201
182887.38478132707
177595.79541558918
173836.395098474
173108.79237672046
177167.39969134744
187944.51259965854
202604.56853604253
216549.01653928656
229884.58223117422
223007.1624920602
192597.6549368505
144496.30260614172
105760.52880327094
91047.37694004769
82995.50357021188
83747.41821665378
97584.4814350343
153438.85639487416
222065.38082939456
221265.92216348957
209963.99349817398
198741.97343998513
193519.1924014201
185541.03468948987
183041.67524667227
179750.97304369556
174251.67761839897
173834.1084888573
175910.96376116673
184368.223602897
196562.2895737498
204234.88451105708
211922.45325430506
202401.17888325904
179238.91545454282
141535.84003879497
108966.54264319489
93514.78335227
85281.14399175416
83223.1982092178
89488.04974875631
117029.96088415082
157346.32122147674
184710.9119827733
207156.66653139403
216527.1802727575
216066.26324439285
209878.69785561072
203937.5553866646
196203.25989530928
188799.87598559548
185734.98374106933
184035.93358755703
188255.834435719
194321.110096853
199557.17199228294
203010.8666386023
194062.91632112267
176165.7359687312
140497.09788216723
112023.22675077354
105904.58413976195
89702.80653415887
81726.38240373928
84689.08273344053
103727.98795875261
138247.92667205544
171273.03766954053
203349.99876389513
221030.84651138412
223947.4841744388
218589.72290714702
209705.72181296386
200759.05258532017
198180.487227789
194413.38379333515
198200.6771391139
209202.61707326584
221471.07875684483
235178.08283599798
245015.6843104472
225404.9627034475
190551.2077235067
144239.00913008457
106717.73411795756
88580.17083652438
82080.21311012637
81466.33912707125
97529.95898033735
158318.03628920886
219120.4155215766
220017.59630944772
213723.77836522085
205029.32994189722
197403.90186609342
193237.3789278764
192492.9422107179
184981.0534882367
179429.4764689089
179522.35455963766
179173.8205453215
189832.81973110914
205705.4326058967
220957.151013205
233282.59526866378
221668.53350012703
192263.0027552989
138539.27131071425
103577.94336010233
87337.2971781632
81628.3713515917
82420.41142837703
96476.49075355295
154229.75536657026
218967.55841628846
217908.55008045456
220998.9953153752
203101.34498723716
196377.69515802132
191807.6761732797
183912.06363197413
183677.0274186683
178208.4461586307
178043.85054944892
178625.32124681544
187177.24269219275
206007.1289382321
225454.21766409095
234535.98902150197
227570.98687734432
195172.044487625
142571.2504301914
103424.10854319812
86138.8571472214
80868.66195154621
81059.8567676926
95512.32582438977
156916.73860200035
225186.56542595162
232100.79018060514
222806.8723678952
205448.61042655003
194922.00235505137
190085.94216181347
185625.32985831163
181254.44094187877
178785.18708624237
177765.7274007182
181502.32771449318
189374.2121079746
206311.74100726753
225518.47110200726
233853.21123275507
222312.4967556049
194226.82759480432
143283.3895715634
103882.16770172186
86612.10768293457
81081.42798855911
81867.24959630112
96360.23556089241
156379.21205773586
225103.24765781473
223409.89068221702
217119.50005528974
203621.7387022982
194073.44948695364
190500.0477239582
183513.97963775622
178931.3471359152
177153.39747927504
174426.5516295822
176169.09025715536
186745.51547957808
203103.53052522134
217332.27345249165
227997.867229963
219912.0236268451
189618.00788785267
144236.6120696699
103676.80887050893
88445.68716235372
81494.1305370095
82037.08999604998
97129.49537186653
158833.85646943652
222400.48880023352
221694.67162952138
213385.70033903726
201324.9314331286
192870.1610795451
188685.98037538616
181908.17269281117
178850.0371816124
176376.69623997918
174544.03587196954
175380.74117884823
181052.5861896653
195291.40183449484
203583.00473840005
208081.193970097
198022.16062458622
176798.3913769739
139725.0700130696
111513.88992500595
95196.54192136852
85472.88474528707
84028.67775208663
90994.05285851526
123791.78821547965
164797.65101705582
189958.9695619382
210944.94907530985
217320.8025455421
212110.89509778106
206014.7279026502
200109.382894839
191525.28336648198
185180.22470684204
179967.81190092364
178976.67912900326
184424.55286259457
190250.53842476438
197902.40338854404
202031.30437176718
190153.334998371
170752.72777412515
134440.20023384254
105757.032755893
91993.66782000287
84028.40376715321
81188.68724608696
85728.06969869477
108876.78639032194
140134.1064748512
174721.51011400326
202806.38218694687
217329.33015695147
217883.99263112823
210867.30010688084
203065.42148283005
195996.88906784044
190043.84368214651
188016.69308994978
190225.0907893655
200032.5927546884
211365.35956989226
225110.73353924003
234771.60241578732
219720.719029257
186601.3348843437
140724.42756299084
104568.21344602067
89125.65812239033
80929.5339361635
82432.59034510195
97300.14779608113
153610.56180672208
210943.81617256464
220228.8343359518
218119.78936633447
211329.78573597386
202690.0086568547
196606.6189398233
192961.31289775306
186438.49800773786
182312.63832131305
180509.96998847203
182671.46429006453
188440.13824256996
203219.07258718176
220234.3992692115
227086.06888230046
216948.07756548515
187026.301803255
139472.38472790364
104666.8654256362
91007.76768005377
84896.44761457243
79827.68966875569
98006.01895604274
152021.7748481331
214017.98564766627
220692.5808855755
213458.14661726958
206216.3747738502
198900.1658839325
193212.97735945057
188984.88976061885
182706.30989258172
177678.74981439038
175511.88175577324
178022.70707350323
184541.82772599166
200341.4352944601
220365.39274768712
230998.01323120872
225166.74887983972
194843.11043322374
146397.78053055785
107200.8334824772
92906.96878487644
85176.67567327544
82073.94943520837
94820.54068196997
150501.46308674963
211610.67361837297
221088.05831631416
216796.37781955866
210050.74141584322
200667.36813884863
195156.46528209114
192967.7771225137
186427.31501551863
181248.79191231355
179509.09412330488
180287.7564564107
192320.64024726502
204822.44322432342
221691.11379880935
231353.83217531542
225566.48434733975
196170.62284089738
148161.12184012035
100447.1066188356
89005.96820634535
84269.05564490806
82917.7008276221
95790.86344374668
146838.52878769234
205349.65554387937
218871.12926085832
212966.70518368008
205603.41107440568
198836.39351817095
193651.4592120887
187317.75086166133
181717.54060982983
176557.92379103866
176500.95839798593
177425.3839133152
185536.0291623206
201473.627775964
214810.12918163007
229492.79618731065
227511.42316311726
198202.77120389324
150688.707943157
109088.90693471866
89686.74895684929
81959.32416518207
81351.27450471437
94406.20399218054
146826.08205465216
208282.59776945412
218363.2123071503
212364.78418987535
202834.0145681386
196962.559361943
188410.38127310204
183895.2690357847
179157.01659367204
175691.76137722709
174917.75040666794
177194.72865328664
183504.35686931058
193608.11380638633
202264.3440947853
210994.7196439629
204625.1242425181
185056.7051387506
141892.06557670233
109136.01363676618
92708.64614219917
84699.06658324084
83005.52982626794
89082.21403601543
113806.58701725521
146979.89232074356
182989.707062817
208501.29367011494
219646.48251648742
215860.3881605136
209183.4721779528
201762.1852504878
193155.48046786903
185567.2500414013
182120.95247835972
181413.7867246728
184757.25317074382
188957.48053749464
196120.37729787524
200871.6992493087
196809.95010926024
176751.96720614418
137407.42938550664
109209.53155286326
93825.72098544962
85281.31350121878
80775.3024703179
85315.842117876
101470.72495861836
127164.3540846537
165519.19378631253
196771.99215985823
214140.06943982828
217571.2389822099
213422.10552103003
205878.6963922403
198109.59138791476
191010.8239390774
189570.3198211543
191210.82331717765
198241.52880324898
210991.56542433205
224804.27270176628
237823.46058810508
228029.020044365
193530.90253795357
136811.07527302433
106384.92064107156
91724.37488584146
83822.869911912
82327.14396674212
94508.16516356698
143042.140458997
198278.62425292569
204532.91471534473
207156.29344762038
207345.506680485
204245.80744805085
200099.74906985924
194260.57480691408
187835.1344032867
181216.04625071835
178013.2710925558
180147.05735185725
186808.79061964515
200194.4838548095
220315.8382100995
236660.71664158674
230436.4471777826
201550.65773686208
149936.59646195025
108177.51171091542
89840.77485875184
82249.08233349431
81792.03946823163
94607.3205200354
145741.89688381032
205561.402633416
219404.5868096053
213326.4913822244
204796.55894396448
195637.37136239497
191772.40473121274
185988.35488552653
181667.45506081486
175441.41511981515
175096.05213558418
176661.06333864247
184420.7270465848
199851.44799351407
221133.27139373025
238192.1185028206
235204.56636167958
202679.20041907544
148182.51085006705
108062.21524676167
89181.44737984076
82104.10124402479
82065.29459939433
95905.78004027244
150247.8262848136
223010.2243360619
227525.83910148143
216513.99851909012
208496.97625382114
201142.74725840514
194284.86595504486
188239.4018656985
184272.5070206028
178388.18976038083
177985.44496311995
178545.72295778652
188381.8326203427
203237.15597070145
219972.0540918936
237262.76842187386
232051.5081211672
201936.1368468844
146642.49235180675
106678.725106996
89939.19778238247
81385.30129402241
81796.64628496124
98340.50178220388
153679.879230524
222977.49764705007
226709.80102332518
215334.118476005
205641.85688426523
194389.8389484432
191264.91431284236
185557.97250773953
181858.9400472611
176148.67177287518
173676.39840388793
174473.30983040546
184549.0756258265
200899.21847485477
215476.31770665923
235961.7633619715
234129.07364683636
197612.0226976077
147427.83324915112
106211.40386726706
88400.98210304914
81443.01640221111
81675.09171300952
98929.35322776742
155964.29888466914
226187.0185291806
225678.09230863026
213404.8241860745
200356.25611842933
190824.26306819066
184840.46607504526
180494.3324516724
176907.32417863767
172584.1420736365
170723.5475540232
173084.34343642392
179739.88750328362
189721.80092971824
199856.98805606648
213417.81786408072
207790.75178006495
182042.57443700725
140992.4729985628
107650.81290926306
90419.69291873752
83652.34307079557
81193.26483029776
87910.90758880135
113115.65420076465
156869.12639022805
185022.82563267098
209402.2447013145
218825.577778722
218126.96315217143
212699.77719919512
204074.38868128104
197657.54823594302
189257.6511701555
184499.62803772296
183961.67522333193
185088.0147550373
190574.95162169982
200364.4194362238
210365.76556754368
206521.36905768895
182423.9374932713
144892.53265363886
110480.63981272274
91919.65570117829
83708.46615562863
80316.32315078286
83558.03909386629
101493.03606840366
132535.6115831427
164672.85497719367
195869.07778363134
214431.5198768298
217516.51600657194
212835.22148617872
206754.93781245328
197543.09720862343
191628.77346992437
190206.65560263416
193545.38678903866
202744.06104069593
213767.97455080494
229237.17955378405
247208.07501391775
234986.27307250595
196790.31077267803
147527.86441136073
107258.00068668413
89455.48567654277
81080.53829144538
81497.35340303954
95015.30347603536
151372.43419499774
216958.27783324974
216912.04972466154
210312.45981523558
200597.65395474643
192260.82289819428
187265.79052837598
183716.7041070002
179708.08736990605
174986.18696761658
173692.1634016916
173193.68615851106
181630.76658198604
196550.17896777028
213660.18985952693
232527.13327257958
230923.32465125516
193702.42088481432
141906.26239893492
103934.50319756575
87191.92908374248
80531.52805429726
82206.06740451016
96841.24816929035
152956.8793835644
217994.58725716255
223551.78376290714
214081.59914742506
201048.39916025757
190489.45032001002
183715.3198810451
181494.64158226992
175607.44496434325
170474.3567809088
168712.09195639277
170971.51136756758
177428.98724423727
193448.63563928398
212491.96523904096
231125.8244070075
225461.72141301056
194225.08963036028
143611.1012695281
103551.70502060582
87008.66483213865
80685.43441254787
80954.77469237558
96651.24867400709
152643.17852811565
222241.4324271484
228706.68206746734
219048.55916565016
205929.02842377778
196073.14126718268
190353.56631424592
185706.6763658392
180019.3781543086
175351.62416882455
174990.5058831477
176995.50027977815
185679.27505040646
202333.84528073046
220377.20627148153
238564.47052597426
233120.16316503455
193956.32753254627
143584.9594785722
103774.35324758719
86059.99087130012
79124.47120316731
80977.37290753753
97136.99506444979
157064.22073207994
226914.19289340777
232177.3470634044
221967.57517837262
205461.21338181017
193318.5712049785
186704.0844688227
181521.58520451357
177045.98290039483
171215.40661946987
171219.82150678136
171721.31767082214
181791.49077576873
196976.98935696203
212850.98909764865
234024.11053947193
231158.2572602101
196728.5322408932
143569.44454016426
103558.83466932242
88381.96462749112
81529.75185317559
82627.96555407549
98245.74388588234
156692.20672969552
226324.1790785952
224606.44421085838
211292.30074561792
197556.68538247223
190857.58756296537
184042.07482612427
180369.21762248123
177801.01893574715
174037.8075451923
172329.3000377005
172743.26194381085
180098.51183547894
191026.5894266014
199838.52467004288
216373.92150894454
209033.49133877692
179642.13214887521
139422.1490376566
108398.45773422244
90599.93218768084
82659.7034567486
82547.38148990532
88711.5316936032
116296.51159783498
159068.16590842075
186653.56954077588
208095.53090386852
215590.06208594324
216276.34945251243
208198.51735899632
202141.61988866597
194732.89660540552
187606.0556764871
183263.15910209343
180991.82287649479
184779.95084624877
186629.37741500878
195257.47754423838
204182.51752650677
201278.05612506135
163658.0067486244
141480.6767873534
109616.58723728824
102681.60053681034
89168.6498075769
79756.41742210602
84108.99698560782
105040.85650068216
139076.51099513719
172557.41633023834
202410.221286759
217991.78025166347
218741.6421442493
213094.23117734393
204504.59625423304
195849.4270092821
191047.8346166148
189539.59627651412
191194.9624018007
202088.134214746
213707.0347084717
228425.234984863
244401.95754301056
231938.08502806205
189456.56160947704
142471.18482130382
103681.73202535986
85297.17373444991
78523.5835050981
79718.40297966043
96446.02138559362
154712.1766201406
216295.5690580823
215498.08002734423
207571.41174552852
200136.3595064294
193016.5521076906
187578.08977663
184220.0394446895
180836.87320257543
174829.26527429503
174907.94903458114
175883.89714410773
183742.64548892798
197209.35726511327
213780.9355312623
224227.0021876733
230768.9794551507
193094.796985673
137323.2033620067
100522.3445837625
84481.64276381704
79619.30758135526
80554.44547688366
95874.42965010369
152544.31915835646
216947.3393020791
216141.89112587593
206004.2307691343
196129.37851137677
189192.5335311238
184720.89755225775
180074.897013479
175891.73945593555
172066.4049524752
170625.14181918136
173494.31947934127
181642.0366309621
197527.95675706785
217708.99743513946
235748.72891272896
231945.7345947441
201327.0999415672
143771.16263563634
102714.4554840352
84326.95161228177
79540.24715481774
80110.4245947349
94906.20192782964
155805.2399810131
221865.55226984018
226146.10662212962
214008.88733905685
201486.23402249362
190210.52337851972
184018.11092185977
179185.64868684032
175554.67855519996
171470.2688232634
171059.19172909344
172460.7034228908
181443.28400462816
196380.18536098697
214276.538046652
235912.59025140223
231603.6313470783
200730.26574828167
144440.6132686712
102872.20601466837
83351.62293199038
78553.45343286854
80220.79838653622
95616.53221929327
157368.77020738396
221023.45194419957
221688.04563779716
213540.33544291652
200422.63264567766
189290.5887191597
184215.77130596185
178301.52625934142
174355.98481980857
171302.30198049764
169997.63122708182
172576.40297734327
181031.81799645853
195616.40981674124
209895.2194722693
230177.54612135142
227246.18637432004
193623.50964012032
140573.57309390424
102877.10166372193
86461.59110078891
80028.36697482603
79828.52344163517
96238.08008024938
153759.20848051854
220695.9536810367
216922.99683220615
205728.0026700353
197643.9753191264
190230.57434919535
184142.49439620212
179951.7901838377
177252.14683961472
173118.68058744806
170171.66705503085
170274.75037209416
178476.59303935562
187911.20500225842
196649.59767856437
209453.75119365487
206556.91728931002
176108.3775668831
137075.36303060298
105419.9727573059
89672.13052583602
82375.06131045347
81650.40290053074
89116.36052969687
118155.90765585713
154278.1337214105
179853.67254614338
201231.7191458102
210616.77243633868
209311.9403345135
202600.26272015675
196274.29941546082
189027.16037748626
182219.4343029084
178697.88960757633
178419.13031540488
181470.02034694733
185977.42925879083
192388.33079204956
201564.6797353378
198189.83414516193
174952.90182834206
140097.6380370988
106776.14148830238
90023.60964655249
82170.10241118593
80611.06012607945
84554.29032904078
106626.60650405166
135978.97014053178
165711.26749034628
192591.12656548122
209760.06555709612
213744.55802605636
209748.77288713856
203036.041478498
196712.37397167087
190939.32757078495
188647.2083416542
188459.18377158605
199993.8623316318
207452.70971211948
225248.76129628136
241937.18603486894
238118.53880113232
198880.78449484397
150652.70283764816
107849.08485964143
87330.42321962441
78793.7282682186
78718.74544158869
95139.48258500152
149159.40588112664
207242.33885827658
208948.14827583742
206542.3048346274
202345.72334680863
195390.8703437911
189732.37121337204
185035.12952322335
182359.2803589541
175720.6981263319
176037.25889084977
177315.21837188982
185487.94810102356
198789.34237930216
215720.24650372445
226699.62733993703
224923.91856534162
193382.0121273936
143709.05799937376
103080.60142760728
86427.07309837261
79091.02720583542
80478.81035467365
97936.90763341161
153190.56307389686
216906.95963848647
220099.4053702207
210321.63786502092
202077.829763854
192755.804125181
188514.800520772
185674.58105959638
179098.92619603843
173421.7865301597
174500.57507282658
177033.5340712692
186266.4333965863
201202.51812065087
219182.25577316387
237493.77833613672
236075.09151822113
200024.08073981517
144931.9754718364
104798.54263699985
86783.37298189274
80289.00725675342
79709.60228923325
93932.17980309785
151276.66384159162
210515.05603321764
215832.57004850172
206871.46545021256
197133.11445023585
189794.21158783772
184749.12436698598
178482.80650284007
175023.20576615917
171291.50990426226
169269.85233444383
170512.86754918846
180148.63439566232
193883.65686994573
211340.2895090948
229689.5366347304
225349.68908419565
192016.04473358102
146525.2085359373
104381.38658712669
86872.55350853897
79238.90783789902
80863.16648712454
96561.41315914805
156024.9421720126
215240.95237413276
222464.8918007773
210114.2009865775
197316.79964585952
189015.79470915158
182365.58152815944
179560.01514118153
175915.58188009844
171844.04445725007
171778.80700493505
173027.08941517476
182436.14502313832
197036.7795173485
210714.81922022175
232130.19030352717
230082.76679878222
194496.4097713211
145981.12939676337
104317.85642499216
86121.56640627097
80194.6381160601
79920.17089518068
98215.27284502838
161944.97275660883
227364.34380108566
224630.06721001418
211883.60364876434
197479.21978639858
190679.070600158
182119.6905715577
176622.6736964706
175338.25854538518
173342.06104237423
171381.31616025374
171774.1413619542
181185.7363253884
191666.0267195627
202922.6006504498
216636.71570215316
216026.23048397555
190446.696180081
141699.9389186354
107900.06813438002
91730.73523573953
81744.45472091826
81118.63570044325
90943.0110608142
125789.89424108803
164398.14214927243
191668.59534327968
208582.4825574418
214672.23398511796
211035.08813525186
202564.61420165014
195923.15977753862
187740.5412924922
181719.74973982823
177908.3086040273
177068.43372441363
181102.08390392034
183249.35803729226
193961.79541016696
201234.67748678857
202272.2587137607
175741.24928376786
136058.6223156933
108519.57472747793
92359.65782470771
83682.17488314875
81400.95368216194
86067.15769656682
110653.93676395935
139079.00665074715
167433.92773267918
193200.96816731017
207650.9857995752
208756.84391049034
202809.6500066009
199211.15049392526
191366.48022854308
186061.09828403272
185016.3579999391
186289.47076570368
194763.47149173898
203197.9701876188
222241.57220801292
239712.32173422683
232947.18066943318
196651.94330219214
141487.62768861913
104982.17330858401
87207.31829774243
80049.54680413894
79668.00035789257
97063.77888345129
162933.42145122847
228203.7099468269
220425.00774498057
206400.9606178088
194796.30963896358
184974.76387298884
178049.64958647406
176620.97148740772
168918.7747515736
167635.40695721353
166074.46177767342
168201.0622271566
174142.10352812707
188842.05146633918
209369.52514011366
226690.94611219666
230372.97882302137
194909.48988577735
142982.903737784
100471.18579191674
84136.39651325869
79238.36432065755
80278.85966839567
98802.45628002999
160607.11290859437
221389.99927669097
223273.07899004204
208775.8179726463
194467.75322785723
181142.3431852992
175012.587939912
171910.9341488573
167858.15970396914
161649.02580615645
161660.1693284506
161483.74358676898
167041.24775612686
179772.4412827182
196049.19598977524
211626.86850827135
212696.4755989795
183331.27158027707
135682.16979683272
100484.73902239666
85094.60358521059
79575.64980908489
78775.67220352836
92789.7208798089
144426.97607007224
198266.83904085742
208647.99487366737
202699.2469197289
193808.21381541638
184485.80852439557
172855.9236678551
170252.46042586036
163670.39717252
158061.6415410922
157504.94409919574
157488.73478799497
162674.08035399736
171877.87160440654
184994.79705305115
199271.52719459802
199488.33793571068
177386.94844044442
132081.31364429358
100174.2859144119
84072.96942024489
77839.3898483477
77940.80232090378
89777.8415907146
123681.41490520694
167960.57540591902
186096.58592650067
192803.66335152794
196106.66246661983
187089.5826708726
180115.8270748567
172568.92482103614
165777.40031709214
158959.07088960725
157711.78668848457
158468.37118200178
165025.16239240934
175560.65189448342
187651.79225638235
198876.74609047206
201592.4984987721
172403.3718231394
134765.3004097467
101854.08476498694
84361.2982006245
77562.35012080043
77932.01757439799
89244.99753563205
124634.83758585984
168427.81082428683
185883.6972033038
194587.3919755973
192464.41410552376
188997.3882595276
181934.34253993988
173995.20298066735
168557.68034727767
162844.40948374316
163972.87246513966
164137.45001110353
168553.44981852715
175023.75006488242
177315.2931437844
188333.72852719232
181639.4687652592
159914.17767488156
129895.27003030982
101755.94396810934
84604.82256198654
79073.56832193006
76683.97095025699
81465.11920479898
93865.77274763983
119143.54946322508
158488.73305944898
186145.56522190408
207021.64254386918
207049.25699138767
199657.93031279714
191759.44960646558
184921.90967692708
175410.46870883132
172663.58901703998
168210.0423918864
167764.2561122956
170195.26067507334
175572.68727632661
182891.00927017006
182317.32724083355
159808.51625043474
132301.90500880074
101099.24461755762
86088.20716968998
78011.90546293397
77109.74627421559
84948.97261493755
94447.5377952013
118376.68852969511
148660.46411685005
179447.77516618636
198452.49752857798
202053.1659422102
198724.4320865044
192725.0934209716
183882.83485752303
180177.4954715127
179585.56426509752
183205.26117491737
190990.0001608861
204186.01050987683
221412.58974181488
239864.78954650974
231423.29190901923
194359.19194427825
143651.2284361706
105211.1232809018
87432.07738418768
78896.06868992803
81787.33060658361
100842.7330555297
162936.02469815922
226408.64462596003
218454.76109242145
204194.50478683732
186748.02702804602
177800.50397442965
173055.4449808668
169264.45374402165
166200.6832891851
163045.7921913108
160057.68938796327
161499.1679895393
167033.06722643855
184590.10967352346
199948.2769560035
215766.30601360995
221873.58910112243
186643.15800234076
135365.50793729935
97427.42370993212
82430.3079826856
75716.21848929297
78531.66927568855
97233.37442534576
157708.60188640823
221501.80779528094
217120.07938320236
199443.41723694294
183261.87226704267
173532.34774991922
170575.71160477898
168427.58777026934
165068.6074800726
161530.4198160383
161457.6592658587
163334.13409369226
169631.9544438381
187141.3821701144
204768.63952430408
220770.17733193748
223019.09727725992
194410.88885217905
141985.62684253335
98451.72559502815
82240.3079119611
77153.06913272385
77187.31827517285
95500.11842858234
153035.5641017557
213777.90023399153
215721.77255047447
199902.75917861558
184596.15685772995
171240.32215843746
164785.2120693575
162212.9650430812
158299.65914674228
153568.35555590084
153194.0546302047
152858.17364357304
157479.10668263474
172697.38205296805
184828.3217780484
199904.23920224936
202631.99655399998
177081.52114052765
132563.08314866485
96996.04757969757
81564.60045204143
76099.85091297663
77147.28179536377
93571.18945689297
129087.89785067021
185503.56996375098
196393.04226144715
193038.2645485884
185726.08673127738
176214.52952214913
167758.1506850666
163308.99401155612
158333.44280787755
153381.24950575104
152013.9650048504
153246.8607960785
157512.74622946067
166342.1381784962
173635.32524839957
185844.65469395526
187131.26081442126
173121.39657094693
135918.33047185914
100769.21228790352
86027.62038298503
78729.16515889102
76703.34055010791
83324.54687701802
106354.19704287649
134882.1311267066
164924.3490216515
187460.41988901532
188042.2497487124
204981.86805465558
195832.62956611172
185537.14046726248
176422.39142390573
169750.70853073045
166451.1045886461
168042.15517564613
170387.47789227712
170074.80628482046
168218.87475838952
171186.01193548713
170471.34080992293
163846.48694778903
142126.77758719298
109718.17595584593
89178.90621603571
80089.73297592317
77284.93859526678
79979.26000228908
82048.45582957397
98690.02100099396
145387.13132772007
189786.60719313167
208774.58773781656
221622.12881234084
211294.11583103397
203148.244936001
194147.9960178901
182791.22062547438
178565.0212127549
177502.5478859676
174736.6637890728
175628.95917119517
178457.9577547932
185542.68686285385
184428.00823482196
168338.8694949111
135754.47611308837
105348.4306848482
97596.12380555308
83540.26037625242
75812.36031165591
81089.58529047335
95956.069334284
117610.28169232015
146814.20426138086
179178.07838249276
199316.95790991702
204812.48962390405
199518.35487389137
190213.74044453268
182486.46532779772
178662.46502565144
176692.2964116714
179635.76305317966
186357.93406679723
195846.37355156956
212483.61912866807
225303.1042713205
215506.44147218118
184871.0534998703
136651.87660611264
99688.63539766583
80740.62715715704
75944.32376785629
76740.2795990701
92788.65296326653
147034.90441364076
202702.5051989184
195612.06871738855
185614.70211551822
178361.75350335045
174071.82211551946
172661.3656910204
170960.31517081475
167310.6197910271
161604.00762173394
161792.89926427254
164363.4102704333
170429.81802563148
184545.44753901553
200723.12299362037
213614.35610504492
215616.82723135178
183064.63959053444
131874.76561846
97623.53474598535
81663.75695455023
76215.32817848944
78355.53941404489
94101.80748072542
146441.16062431212
207300.0128996597
201911.92447278896
190833.79899437222
181457.8477796527
175198.3053934586
170628.86248152037
168191.86318271208
163996.97794445496
161112.15859619674
160146.53385892816
161829.13211678402
169154.96886021062
183131.9149100545
205764.49726907432
218640.7394270178
224323.64231949
200442.74302004458
144513.4377997833
102079.35079637561
81717.27265054609
75609.88360170077
78033.54897801827
95300.99748965375
159513.03294846462
225257.9720193927
218621.57296693977
198114.66073102393
180852.3341082133
171150.14616784174
166118.73232650646
159952.98257940722
158160.43500944553
158634.29880488728
156436.51882897483
159401.0525974637
169557.56809810663
184062.00790798597
203233.68036063635
217570.6056387483
222957.2525973351
191056.36515637644
138625.0910646277
99281.28867226746
80781.38062606174
73663.75529782497
76396.63560090383
93162.03441342126
151437.58912503457
209621.2114633555
209213.92467523878
197228.7809572069
184838.322289996
176996.78125351286
171778.59619891903
166969.3489225127
161543.35256480068
159215.01123896448
157704.22199753686
158482.44148175503
166326.63408831862
178971.170366937
191784.49077499085
209308.8865847403
217264.87171851666
185687.93151891767
141301.5096482397
105485.1453292279
82155.11873062275
75120.36451934294
78091.79448455028
101910.13085231186
144660.085516142
203530.44062697646
204106.2620740685
190298.89687955205
185633.19350546208
177498.47422299054
172027.9485567851
167874.34006685074
165368.26808286022
162787.00580014917
161010.88278701456
160729.8274524672
165678.70059967236
174630.6035448692
182872.5798667493
195761.74204419993
194172.84176131446
173854.85369133204
136518.67974564695
102389.85120680198
86820.083511516
80358.35309873248
79162.08675078905
87481.27409492184
111409.0612692977
145707.33446433608
168938.44924220705
191174.607816219
199391.68231003665
194730.1002303805
187921.23810898737
181978.39734621975
176657.11169830099
169785.59433229206
166532.03765900008
165750.29276894138
167088.03339935784
169868.66691254175
176361.76455728707
182276.37970417785
181556.0703487904
163101.3267723563
134736.35837627042
102532.70932724865
86299.32016299668
80924.62050356732
78307.06449195617
83057.85307779389
94974.82444576886
118014.85422704698
144676.7520977033
170555.45805668423
191024.9500160938
195854.57668737185
192386.35228529887
184891.4810204844
180021.65632260486
174560.47533575163
174033.55189668632
172903.3090840447
178383.65111293586
185785.47063576154
198050.7975079852
211476.15609897737
206932.26161868873
180616.04124389018
140469.3972943237
106642.4876491015
86958.57919119296
78315.2883655961
77770.9756547765
94965.156538757
143488.41536401323
194392.83860243304
195211.82600775608
189366.25241682952
183207.12643647278
178696.8573970072
173372.117809529
170094.715537335
164190.4506881144
161507.63697427095
159836.990889741
161049.64401166848
165266.21525731895
174967.8412303516
193445.69881402238
202450.2362216818
202739.61148995566
179072.5467840675
139119.14946852776
98931.42923096562
82866.8920738509
76427.98976797106
78853.7085898354
95609.05009345748
143277.95553922377
193707.00099102102
195477.16744578033
183371.28321595845
173692.1954534771
166228.80157616912
164449.74562724525
162340.15866117968
159325.4666568143
156864.22953561234
155892.26509176462
156961.1471990441
164126.9423103527
175282.34072003898
188731.30579560134
202834.13692738814
210014.19589111168
183962.26873252483
139379.245595364
99951.45729546342
85707.52409526079
78650.26343964662
78557.93402063842
92884.44913881928
144916.2283967267
198478.88332877913
203125.37402251133
191570.97360233724
184009.0406105784
174367.93087155456
168516.57598980764
169136.1890699869
163709.20472153943
159633.99532814944
157785.85377772735
160040.59602610138
166844.88226830363
179129.44569439348
192951.09199401148
208059.02333786595
209370.65221843388
180229.58568351602
135894.3538940396
102566.96614035928
87167.2328255199
75577.38364674592
81342.40322122499
99324.49723200647
145761.07041187462
196736.42809140842
199829.32055108488
190121.43751068303
179362.54157189975
171862.22785145324
168224.8806578307
165276.34172083435
161296.50214947172
158169.7533363403
158991.92789071077
159293.37384249052
167490.9400353552
179361.07692226252
191934.67104731945
207152.16970470897
210940.92228479998
183303.85455575082
138387.18385988817
100551.2710846663
85830.5373219488
77935.65646955557
77287.5471626555
90580.94971147746
148337.5177058593
202341.8343225282
200378.9075925169
190444.5847633891
180641.97512011518
177305.03881963683
169555.45506628352
169777.13190402836
167981.67917212052
165588.70638265973
164607.17601999218
165667.77570631594
172641.44298522692
178107.74209002315
182963.33982342007
194412.96752331613
193297.81966306598
176152.74713830318
135996.14141647637
105733.35360877785
89932.95582242265
82069.61575226217
79965.77991914269
87572.8140129054
112638.01910704296
138367.84775447485
165669.98102842458
185812.06771435958
197937.841783043
194711.82888464138
189484.72545155854
184863.4234723033
179720.8023925264
173335.29723084942
169186.42893908665
167322.58679354383
170659.7771537156
170927.01167877752
173191.94464102385
179820.57666923173
179611.94757240743
167911.86104565748
133572.92970882173
104576.49917679165
89333.93667390264
82001.02405501973
79181.70984518954
83540.84976127718
99540.14664470055
119128.81447194147
146366.27774718258
173246.9212448314
188468.3566848891
186407.45530601987
180466.59906239988
184250.65002918857
178578.34390575995
173938.05372468394
173784.05840805356
177192.2297027819
180477.56377443194
188834.55552162608
199136.49855459173
209991.65701176447
199143.40837817828
173361.96912712115
129949.46749840792
100440.09086244757
86573.10650797407
79474.79831521373
77870.38177164577
92982.58829437003
143418.2022448929
192613.96713644444
189079.61888087433
182425.0663739323
177266.8574704721
174498.14661106645
172480.7009849208
171294.84124754588
164597.55601394316
162289.2776693969
160664.52130317726
161060.68156144896
166496.09664570433
178132.08664622976
190655.09691364362
200472.74750595517
201156.68941328875
180275.63776632794
136239.31063633395
99044.52005078763
83213.69044700977
77784.8605073121
78744.61731962765
94641.88141417284
146995.33224126464
198622.88910792724
198196.21789945674
185682.73047969837
174816.8970948019
165598.05550748116
160156.15228250858
158091.20950899326
157164.0650076305
152823.04064744545
152501.39434790824
154898.97655559398
161153.02932218125
174092.26695187454
188357.30255497884
200527.64482048873
204688.15735813635
183250.06012313077
138734.81769804977
100325.46301779519
87118.89271467194
81131.99136217593
80495.25600757918
95221.68915048584
147921.753500662
201716.66790273698
202227.32458429784
187121.39371253413
174385.44717654222
167069.56612678606
164047.6551339423
161485.28242044346
160047.9874975043
156502.91687318968
156847.67589032752
157009.5239103443
164686.83459739428
177892.56691717776
188279.32007371573
202780.97128432713
208045.16526431873
186220.81362623023
138331.06357609367
101694.48101453437
84675.63063528833
79679.11510850558
80609.04524371953
95269.97811046087
142239.62780508163
196320.57888163236
200390.04710469898
188997.75477528828
179827.62199586027
171030.9010097621
166608.53797580017
163891.6827973179
156184.1141778385
158257.18395502528
154201.0410391937
157003.56942028078
165861.41675987645
177992.29533588106
186876.10099712634
199868.61578011807
207627.80927237068
180736.55942559612
132094.26299314885
101418.04459723165
85994.54980838131
79695.3378891652
80634.88211162735
96059.65022043705
143912.46011139354
191461.6497958212
200401.87379626627
192078.08573586523
181496.47674722486
176104.05746115893
171655.2680082179
167327.86823500862
162723.3384173599
163003.49550387304
162227.59966505616
162968.6296217108
169652.1931817745
175972.01181410727
177103.93992156608
184208.6141501528
188993.76891299404
176779.25706093461
142973.47006484697
108172.40862577065
92262.79651109896
85245.50541614194
84191.88126074363
91372.85795670099
103111.1604527412
123544.74069581158
159399.03924112054
187554.5886234405
200982.06731779245
201616.3568272226
196339.57827808388
189309.41590205347
182740.0983442672
175557.49531037535
170261.51496948328
170724.64983630605
173303.1585981411
175020.18662858705
175537.585831479
178625.15102874278
180312.3391424215
169271.4485319637
138630.31169151512
106935.42925384249
90000.01407009462
81081.60160809699
79293.89448019936
85487.73659027838
90770.04935392058
103128.61615248625
133184.84743607833
167221.98764634537
186961.67603255276
194483.87240024828
190742.3263181594
186958.59062927295
176606.25010726947
167218.67538535176
170817.76712830615
172132.34530771378
178090.13432389963
188234.2563378811
196613.25344334682
209596.96979284904
203563.89293051243
182937.11989545982
137985.01386578547
102274.51747012573
82654.095265933
76694.15749889196
77397.81151478911
94494.47074105068
142942.72254686497
193280.7440928319
188162.64883418873
178742.63744767816
172644.12851182357
163859.23060726843
165013.524130011
161700.38049403607
157092.63278672798
154689.6170551957
153367.4889836079
154199.19527949672
154562.16123309376
170677.906617036
182981.55181500548
193337.09569229424
199258.27252165155
178588.75085162703
129398.48371079777
97313.79110934984
80551.97620945075
74727.98970146946
77362.9723998554
93349.6029263738
142011.64494860888
191628.27104632743
194296.37690069352
181944.12405903934
170133.83987068836
163911.27903784404
161094.93870633026
159426.66390912514
154786.4157430029
151219.03216375643
150918.05168079352
152451.1368824442
157627.51552964418
171859.0904859919
186098.29945201118
196616.39731577475
205514.54674436044
185542.85412346438
139326.0952981793
100177.12543246834
82458.36114690224
76527.74064783116
77339.05850217334
92774.02451712248
141769.426175809
194946.3115744425
198682.41575446006
186596.3337483885
174551.12368468847
163902.18684486666
160247.97031526323
159142.5893300543
155530.41902421974
151988.14584336674
152667.84316429804
155203.32668935717
162355.06054168553
173090.16216782533
185368.46275024096
199815.10292303492
206735.1606371661
185065.74630191794
138166.8113023954
101923.7829803818
84540.08184348677
76601.85506069625
78558.87676753377
93401.75270202139
138983.2997448413
188113.04284053473
192460.91972786468
184455.89558485703
173744.6667713714
166931.77766270132
153514.64234544302
160337.1032902511
156440.7456886933
154212.68478159673
153266.13942551793
154243.42969747417
161911.76430314023
172907.93721330655
180882.87395114754
196977.95757937562
203500.7083630582
184722.0075288612
140586.10673945202
101619.58683412036
85376.25180285728
77665.69263377572
78046.93830993517
94104.26290005009
139812.88302347792
187335.65556032193
194288.37518273664
186516.72252334811
177353.5899802824
171811.1565556724
166097.98905616265
163677.57818097644
160042.03420985804
156118.74081288595
155735.0628537077
156447.33130494325
161337.97074919599
169126.82719667317
167727.3236872774
178592.04001915606
181512.50919090078
168854.86724953572
137588.15053052254
107057.51094180575
87442.53519881642
76920.55899463345
76549.25173597908
83480.3255963346
93662.90144340372
113310.7711486403
154772.47338745842
181153.8786602636
195145.4320877809
195075.17224127453
189898.10246022197
184153.76211651225
175627.26224240675
167935.04105044575
163236.4064271785
162060.6987777804
162874.2802751249
164638.1872932058
163694.46177009097
168417.68513540167
174509.17578143437
164540.64509560243
135561.33545779175
107629.03140145517
97225.46159482287
85470.41279166672
77435.83827499958
79865.50232554451
94146.18023348789
112799.76661512868
147265.85676386222
172738.65360943868
187402.6595503128
190341.2691464494
187398.61280255008
180604.61670758194
172402.66811882384
169970.00767355086
169814.44159435757
173444.26412319054
181351.4442619454
191080.1175785166
201336.6444680411
212562.48710091165
208249.93624233606
172185.5157096066
135719.58851455606
102267.80003557928
79922.19756633056
73184.13875552881
75766.1504288212
91065.69303774145
147834.72765523515
201000.32838489214
197250.4393163721
180789.29255113564
168829.6492332803
162774.61277187814
157941.73473268267
155664.94391124212
153586.51941113576
150421.37515274703
149328.06349113418
151360.0127723438
154935.06999245915
169341.86558418543
179075.48470707773
188266.6250262547
197974.24208985767
175633.68448600033
130916.81711299601
97037.654730008
78439.6654920352
74220.07116077286
74009.5478026715
90972.06392151144
137855.676033231
187072.47890677745
182974.29518841492
169218.5389207573
160484.98207439494
154645.61505637196
153281.8465068048
149321.40023301906
145145.35685834225
142901.77745230123
132832.69131458015
141116.6816873555
145178.9870050322
156926.84265089146
171769.60950946552
176268.55061384177
183838.27125283086
166471.54679267568
129659.48408341446
96463.59678314129
78338.74270923037
75644.47109273895
74584.15626524037
89065.91418784349
127178.56591376556
169245.30375178246
173600.7967697689
166179.7876515247
158555.52665046178
153909.36087195485
151025.94749780765
147829.61556170858
143809.67308872583
141535.08813989098
138480.93546018336
139630.11871126588
142835.31313387386
150454.01671750873
159584.10401084617
163644.35645934357
175673.70304652027
165567.24353994481
130484.7467246809
97801.40463835382
78757.71808383787
73612.57865135324
74154.00396072268
82024.29519486454
113412.80609240913
147313.32359725022
157698.00080337812
162636.2434249053
166282.16553229484
163533.12144226668
163471.34858326195
158027.56575849245
153732.18553782598
151058.20317008707
150082.30066004902
150463.9936492446
154394.12438653095
159695.63244056524
167695.0823538994
172610.73157543346
181739.62663898605
173152.76521527627
139401.96028780227
104669.14663230277
83837.08638423182
76254.50278608975
75126.67589073951
82112.38254422051
109900.3814974314
143579.3604574335
161043.63141465053
171028.64109351693
176760.04682051757
175003.31834433545
173756.47219337392
168108.25266736062
164523.48319322057
151742.66705178475
156870.8822671091
154189.74064475455
157344.17165748953
162259.11184179015
162888.0721006059
167045.93111962566
168125.14976316842
159398.76923586862
138569.28013176873
107785.66992227775
87351.4431068662
81585.48681301941
78717.04327026334
80735.59938428238
86085.1243373697
97593.06021640837
137043.2968185047
171100.6198005382
187485.5907678147
189382.86173228652
187756.76491682057
178854.95347529926
172154.05875069572
164357.85709518776
162812.0810643377
157366.78300677135
157110.7277546351
159722.8210374082
159136.5115523565
162060.55479735363
166689.73768390657
161136.63370829055
133825.56086290692
104419.9940685568
85213.60146231255
78894.55197892341
75609.36415261497
79130.83544363038
83339.13186465314
96434.98225724325
131926.6803837532
159685.67079136902
178724.91168323622
183230.0464729556
178819.02094239718
172507.88621054852
167289.2307122398
163220.86482565515
161496.28151526608
162978.21142761773
169430.6405553674
178165.80159437069
184618.6485665085
195238.87386752333
194560.36517207418
169038.62625438653
134387.0099514736
101113.23645865134
82250.2008133204
75250.25593947212
75532.07387162723
90328.83954733404
132282.1078621023
174796.09379261255
175751.46481599883
168757.01261609743
164979.8037232206
162724.5927723668
160856.00335946784
159028.90269738584
154643.15913541557
149235.25320237526
149598.90242417203
150404.3265979525
153401.76329046895
165262.793479196
174996.80751806236
181296.30135548298
188551.53544840126
168302.32292484492
130842.59623475306
96621.13269655967
80784.37345942759
74990.83293647761
76026.70054378921
91391.88164138269
134857.90144260775
181898.74321954377
184272.61472128972
172707.0176963185
165565.45711789967
159407.59441041487
156293.16120211667
155782.40565563238
152111.39080322106
148796.55612504308
147494.1217891177
148448.82428464957
153538.78614025068
165922.80411452177
178996.51482011875
187213.81769526112
193039.05721016458
173396.90004872167
129765.68481440058
100590.5815377391
81580.84070270395
76136.18620312841
76674.23723748873
90570.38317943993
134102.2517499184
180344.99637859012
187538.46661891465
175614.73257316562
165673.693299687
159226.48901322158
157624.33772016666
154769.15366964947
151560.7604834971
148537.92346484878
149072.07873762652
150975.5875027725
157794.51678905866
167635.21416969367
176818.5119311592
186337.90483425307
193689.8684522418
175520.9540435851
135838.924819444
101105.63655169646
82996.74731683693
74569.67857331842
76213.2437745626
90956.62798328622
136059.5954928883
181122.98109259934
191456.53919979138
180929.65289047908
170741.419562574
162945.44141374328
157959.0498752309
155295.35053569893
152067.5534004363
148434.5242867523
149465.49754794818
151377.4081483543
157568.6410449718
170478.43070254044
175529.36292928903
187583.0210756667
195085.20928821698
181499.78281616658
133489.30348561628
103436.80606114061
82167.16902315583
77189.62993279942
77015.74806827729
89217.95220675333
134528.2486276814
178391.2846845636
186548.0829822498
179538.07365914836
172054.97004698607
167182.6025674253
162409.90078020623
159240.53708284718
157682.7202480817
154374.12649674146
154227.4393601821
155604.34868283372
161634.33048803752
168200.5067656446
168925.0174888943
174108.01910985413
176894.25364634377
165851.99236479128
136736.62608065698
105856.7695779352
87416.07356819972
78978.94266179748
77765.20939353608
83525.2858896297
98331.69270501441
118419.9630007224
152513.00595634268
177185.32738931704
188290.30896340733
190304.35025908443
184577.47614713764
178656.93032499784
173319.05675955687
165918.45090630904
162652.76458628662
161721.86520164003
163246.03313781758
164083.97660764973
162430.40937871963
163917.72545400006
164996.9582320272
157988.31594856878
128856.06237384278
104765.14544615433
87715.26730201108
79940.42933002881
79379.71414725852
82370.35176916297
88272.12768186153
101430.47461302002
131830.82355273666
161323.04242642553
179563.13828768439
195489.4005071137
175132.74283280454
178322.41031469635
172161.62167760424
167783.4977087395
167657.61428236973
168936.86590951667
174875.0468103782
181059.57060607264
190644.24110508064
201546.4856153001
196383.08169423437
174116.36992393344
134545.61975647192
104557.97661710969
85846.31917863857
76860.88557125206
75483.66323434548
89901.42676658974
134787.3704294968
177874.59140861113
179958.4051242365
171976.92601450486
168271.59159701125
165485.1383312628
163609.83935644003
163466.0690595163
159228.94901017475
156097.62658398238
153350.62199765453
156480.52666458188
161085.63538799185
169397.07930131006
178790.199423395
185201.9482779809
194819.48419394152
175059.71643454646
134732.53467968473
101100.29295088795
84494.70532083322
77342.40530997445
77252.70983208409
92007.04516669917
138826.84798141304
187411.79791691536
186877.83798756436
168522.79345276058
165443.92444294994
157554.92571054085
156516.8374684845
154325.75376542602
152525.96869965654
149360.35490279814
148110.4934055669
148441.54886442778
154550.26221594927
165008.74535165008
176495.55878188263
189817.98395284114
195929.6240914718
177688.20599627472
138199.9771484359
101828.7651580759
85323.1853836689
78897.54638462202
78123.14910490108
89779.54799368187
139851.03370489329
190687.4894710002
191262.55048107987
177541.25553843653
164710.9743746488
158075.74074184932
154442.76574924644
154315.98133469187
150810.11168360306
147937.52151126563
145406.67169238866
147738.08671087935
153927.14697156564
166669.20469278598
175099.84278974342
186960.3924337753
195939.62973451155
181217.88392162631
137501.20149598847
102643.73984213798
84415.14707451208
77755.36201309296
77727.42846783221
91066.66939128163
134019.17030809572
186130.68163528098
191387.08991673315
182400.71371438552
170918.50799070892
164103.4185079277
158836.314962156
153909.6539243408
144205.32208310784
149877.64175904164
147862.27721823682
148045.57005310012
155669.2301960197
166981.37234073572
173009.86030930595
183174.3534407742
193025.36893025634
177412.77594140952
141440.56626738375
108908.23318720049
85508.37038961228
78147.25344171675
77766.52078802593
90144.86263925002
133337.37536971533
177652.29552709602
186930.37443077017
180051.41351524837
169687.23548179818
163706.7699948569
160048.35117632017
157210.026455452
154914.30879817012
151048.3440744821
149707.29295633224
151351.63666899683
155922.92149253126
161246.26572673483
165068.67003726307
169807.0993832218
172661.9028385004
162593.06410840835
140647.39573184203
110360.59438933452
87205.47463502189
78034.34256748632
74847.09056629242
79658.10529369475
90734.16565031347
106277.87754150461
149306.49193820337
177359.33999343636
189489.76467904134
191801.5036940202
184842.75573580957
178056.12781393414
172331.84755098925
165721.58178064655
160948.9694751839
158639.1239005905
159618.63754497137
157893.86236570525
156987.66927159252
158209.4875079378
159572.61857505952
158626.31530389457
136177.65243839417
106227.43231321378
87222.07315431893
78033.53744712089
75619.29396611419
78066.54167136016
80846.28148483727
90494.17069294631
125711.29824068568
158530.83384469492
179004.90070169332
188375.6125418115
185020.7954053676
181470.5529664404
170213.84190502373
162569.7049668081
163982.11265384883
165443.55267175526
169697.23457369872
179152.24140392398
186535.2729711691
197897.00088665122
189906.09026629856
172158.81532641067
134059.8896069226
101694.64887462964
81719.17006938002
74166.80344457766
76494.42132166962
88899.43611891182
133794.57418948814
179163.11654229148
175580.2217622093
165976.9467439664
158525.35383179088
157500.8281708694
155404.3588844627
153117.33053923742
150632.16035355523
146593.6253747461
144971.36563494857
145045.45691244942
149448.45981376493
160292.93225261752
170062.33772065476
177545.01278601916
184766.44992795616
161013.81143118124
126963.38011892576
97111.26059336583
78572.53650991492
73963.24879318036
74198.81039429123
87844.66381215918
129291.45196943516
173880.51755659754
173281.80956842154
162815.72341645762
154056.2015016079
151238.82930576667
149477.14942707412
147539.42098632228
144672.4062752355
143281.01267817663
142170.69424926298
144372.94571506904
150791.70454690664
162374.19137975347
174568.62254211452
180867.3371933675
188956.5078485415
172820.78725894217
