-4240.071465157667
3612.8326712308462
7880.724385848986
10230.355185859291
18435.59115446127
21663.319544685965
25452.190847321657
21639.000753043627
15466.113621043512
12456.469667489804
14801.084303632459
11737.354195632575
6028.251516808438
9016.99593978962
7257.308476428511
6673.638077733497
8203.238164589195
12654.627603716755
22200.492523070647
24021.92673775347
26033.545063333324
26124.261679997217
20244.01742948528
1878.9116760530906
-2607.1692904226657
-636.6753056346406
4247.644770024921
7223.645048176559
12296.67618409615
17414.057680199505
21060.93128471342
14989.361524886683
4362.0091330944615
-520.7666721100513
-11808.050680435324
-15637.27834744272
-17820.394801211347
-12175.43065588157
-9704.22969953974
-5321.102473232082
-4113.930702644295
-4727.285681675392
-4008.531718475398
-3046.95983682889
4601.34686839765
10638.188885531279
10768.40681325444
2498.225399991251
-2177.8815712177766
-4212.0654606593225
-2963.0434571117285
-1740.3928801833981
1662.5970976165172
9938.881121077546
20020.74638855224
22337.52279626119
8977.177430533733
-400.96182951024366
-11403.020402828994
-11085.965752964694
-11000.569309710423
-7041.340891080582
-7352.211946656137
-5020.641996408049
-7292.087032559983
-7943.895496725894
-15813.046328567269
-19506.8664486731
-19645.048360653003
-14436.566041926104
-5218.410667457078
2823.4181192665565
10581.79367544203
9684.46180374804
5444.875585371904
4234.26759099012
993.5591961430187
2399.3699708368486
4529.458155035479
6447.32519566978
8796.512759560292
7982.227229039286
12856.756991958433
13696.354114452686
10012.242047008187
4537.573834793798
9020.676130621656
756.3752594652101
623.7040356751804
-1780.4369177882927
10.810914047270671
-2778.9778835504467
-10017.535687325088
-17064.996596018304
-15548.634129003076
-7311.670775298246
2211.884541904579
2469.5902693952853
7973.5494667481535
11113.336738431426
11221.294036594174
2378.5657518313774
-15405.258664494788
-29918.92595077884
-25105.584083272133
-8667.454618963662
2691.3821872600215
4481.258058837491
9879.302766342262
10851.762057144279
9227.461349050409
8169.336377194266
8244.414180890904
7453.167476835761
5384.351225249471
3099.7464696158677
5441.427645932225
875.4054729970509
-1089.4786999061791
-2217.7593261813377
-270.9449918738346
-1683.0704993053978
1002.9243359363566
923.2208298189532
725.5756720576844
2929.1549402064566
-2245.1061265611743
-3165.2468996999014
-4967.316088983508
-3678.7971877552013
-2191.4826397286256
-6188.837559744174
-8692.623305325096
-13647.557676586694
-8286.722519465733
-7154.193123858308
-9946.448856032046
-8711.390925535445
-10166.476665054546
-6058.207568949147
7993.859409696376
4539.540553191673
3485.492140218873
-2277.832667339939
-3034.984626276787
-8139.195703117302
-7152.09195200411
-5071.168633185065
1913.861929631215
6664.648057584007
19177.174527330317
21610.751559951696
13437.676359186313
8042.177631597949
-4481.356021576332
-11135.956897783057
-15399.76700222883
-15150.43584848494
-10634.698298704478
-8295.703382187117
-13493.0553985084
-12689.74856041816
-7093.426972196809
-11872.531153491851
-11495.336110307888
-9784.385219829785
-6645.933295989074
-7737.527395191445
-4634.46542429884
-1555.0335851933614
2124.732595782718
-3285.6414441728894
500.94865142882554
5007.181716367324
7868.369847525747
3266.899446379366
139.24206895126463
-2886.752378060075
74.61937266210907
3836.2398957040195
2351.5669167189553
-2414.931343019467
-1393.8679184202892
-3519.8554304086956
1899.8579521941263
-2137.1720117612194
-6924.26634561446
-3729.958740503266
-5529.298972406187
-6898.565685172258
-8201.751412568046
-12754.206286964065
-10541.371515460887
-2490.5363812473806
-2351.1967196634378
-340.75847842430085
3905.141549226875
5809.66569896912
-1037.060299309589
-4959.79563105654
-6802.515605419131
1199.060510280835
3900.919946524872
3389.9480831076544
6853.020254458919
4804.37813048669
829.1410137426797
3271.558393934375
8735.583096900056
10551.124770256078
8624.608437163439
14241.910335518958
15337.039501907682
13405.776158276176
6261.0116160609705
-595.5523540312879
-2750.388097686915
1018.8488885575443
-621.6622799211054
3966.2216679091316
7761.257567584913
13240.15999607048
18267.488816677826
12630.536700271477
1623.8287303398938
-3600.56051797446
-4448.61174392194
-3331.6808226887397
24.983976851902298
-104.68071568788855
2805.303368297942
4534.799302312646
10376.226777483174
8766.255196470433
10436.454051865257
11139.031321037895
11696.825026084914
9408.436203818417
3129.132977397874
25.41549822354682
-1256.6752971999813
-2373.977716285181
-6537.026528503527
-3992.7440078959785
2995.202856295744
11383.846629846299
16096.205354271522
17029.521695748823
6476.970741939889
-1727.5568553107178
-4749.683709788105
-2582.0755301590084
-3317.3983323022658
-5199.071885564572
-4401.576235705999
-6869.477807982277
-3339.0995421147713
-3508.653720560272
-1036.4252809670352
-2524.3632925547026
-4209.606658280794
-5101.369949148111
-4668.604720508483
-1475.2919513475226
-3326.579415188924
-3153.951477012759
-2942.674038279147
-3846.0543547178213
-307.8125349880629
-1571.3154327010884
-3853.241324710063
-2739.724712007086
-656.2672240788315
1341.916788794846
-526.7654753557545
-2298.911143657888
-7973.884597463199
-8211.526649100337
-11874.713111193938
-13012.21478152793
-7389.887138113718
-7220.107455570336
-7151.197809429197
-8127.4542003337265
-6338.778069584719
-12931.343880967423
-12072.24607410003
-7063.61559771286
-6747.491647396893
-5098.914416017837
-3461.329129117934
-3222.2313748919223
-1297.6915608304043
2447.454784469839
4216.033769472062
972.3921264627534
60.8386709723909
3380.914383142208
3580.9151564699814
-1337.1165630164123
-6168.137250659915
-6182.389046119032
-11005.321104295781
-7874.026474613676
-7286.805046738251
-2339.4175345142103
-828.7545481595753
2244.943137275337
8308.55111446595
6817.406058060253
2393.469094909161
-2005.715684009043
-1595.7676869802444
-4233.908103583677
-3679.2451944850504
2408.4497855108675
9610.561350599519
13900.564211594981
13919.688853497613
10191.974136220562
6059.329935069332
6415.840939945518
571.9625099794939
43.14455414011718
-2537.308556022035
-4610.9409186174025
-6009.745560242962
-5019.157463179283
-6686.237013495203
-2209.8266913342677
-1345.1145141185925
3783.4853748881465
9732.03485205472
6506.010803882304
4969.76961974063
-10943.537561321073
-7163.336245767444
-7302.893203730158
-3625.0118244754135
2949.1673778077493
8061.051058852518
14464.9594234263
12578.644484735058
8149.135876463915
5702.912136721197
2900.9440362392806
-953.3203359367737
933.4852416878726
-2451.9140277648057
-3393.287553954722
-6762.196808830591
-7219.948979899818
-5286.711788507082
-3013.360159258922
-2668.441260191177
-2.1685181566408573
2033.5582595619398
-3486.819015563524
-1316.2164862319346
-8763.86554793285
-5608.719812350666
-1683.9702348906376
-1247.647034025345
-797.5374812422335
2039.1975138975386
8824.813096626609
5114.265147260203
2461.324490957384
-4160.123723686536
-6862.555819968145
-7180.875709670353
-1888.3909153922614
-4905.030509222648
453.49097858846653
-5347.766062355702
-6791.4637454321255
-1879.4384082499182
-6569.281868444261
-4735.896789244043
-4236.801838852976
-3175.9412406662764
-2967.808291200621
-2583.158863434616
-3672.089394726621
-2148.3873290636016
5084.6817191492555
4874.703528837475
6262.449763270764
1831.5341660507183
3377.8691391875145
4790.853224856317
4585.713407701606
-3065.5972931045244
-1920.2460732918044
2886.559232805982
7711.226574535306
6185.020569797808
7946.389852974873
1559.8761859690967
4534.356092099315
6552.841766332394
3605.3089763392
5868.816830006813
2154.1727757772187
350.12509881496226
-1410.3932423383585
-173.14755339583553
-1154.4261673262158
3221.7336689064355
1008.4296341086001
-1045.1511185685872
1756.6008374353037
5839.373541048668
7274.076935927818
11104.543403680074
8002.8766489998925
1522.529263967912
3886.026896023368
6901.167189772545
8605.700963671286
7215.729970368478
5982.079620748692
7608.10284673912
11584.640126384522
9955.327205883237
6602.693228722975
7766.485325090171
7339.722990133576
6607.187613115264
6159.514588883272
4063.5037195533687
-655.2001742015964
-2129.516917138597
-1694.2643412722696
128.10382108529257
2843.6635630673427
1991.8797846913226
2102.3068258855865
6704.578840749698
11191.653381590393
7991.781081490757
2068.2347209720365
-2517.188296574241
-4692.1207419272805
-6254.0018228740655
-5175.08598225174
-6900.5289882490015
-8952.131997604332
-9311.100103082419
-10342.936298587654
-9696.092240520065
-8414.474379799021
-5188.165017540241
-10344.072263086971
-9797.672629699164
-10406.825989876643
-7139.822216585564
-7641.190273955896
-933.8207019114952
-715.087473834832
17.13228910459884
1722.2712427195402
1280.8727246811645
2807.3745902280716
-4186.091508233715
-6908.867860257244
-7572.043058215971
-4794.470492456055
-6324.546414489072
-7110.856842572104
-4715.972242156675
-8298.385066579413
-5956.868937630092
-5119.402795610755
-2835.5672634531566
-6435.996573465665
-558.5897900985965
-6682.928851146374
-5539.174915535103
-4114.936000273539
-2724.5553992305686
423.00453931014454
1692.5563262296464
285.77560726292086
5508.736069349506
11860.776402548889
7419.230686807181
153.28368493845664
-1090.0165072644486
2609.8078900049713
1496.0665976193832
1464.571617653448
-1104.8193031789256
-4176.462849413537
-5180.761448388612
-4886.059866963392
-2303.309339488956
1686.266786141584
1897.3275685705007
3049.3176642140734
4087.3623779412223
5190.617128045231
2577.8228143784945
1662.3856281989265
-797.4013254362999
-2852.482494336737
-4840.534646980658
-2589.855860641736
5812.001163525509
9277.490320882303
12294.675106169374
5405.965233933688
836.8185736269143
2036.7334357898917
4236.376654703527
4379.155968161758
165.12672234536694
1213.2347263475713
-688.072102418013
-790.9940420915791
-398.8194912583631
4561.974354953154
3331.9736085377003
7330.546081859694
11318.213240347224
9435.720563168663
9168.467430735385
-2405.008939398608
-5457.730578290546
-7975.986930642703
-5724.883652412728
-3122.981993967038
3022.7634218160947
10181.60088489122
12138.012825891266
14968.692593891727
9779.99298789571
3962.315205753091
-457.2845442491439
-2618.441033113593
-6544.604150957277
-9314.973517214632
-10078.454824209879
-10799.333334952535
-9151.885125353338
-5946.13312460017
-4572.133383751649
3370.187188626114
6047.444030531692
5494.110075216406
-107.39654879941963
-7022.994481313849
-8961.342449101026
-4134.726409767542
-5533.238581221422
-1979.500110878881
-2894.8789560009895
3057.7791649988667
12584.797232272384
7781.115493316411
1757.9911685366078
1306.5181208895156
1604.9832587538804
-1111.9597507745748
-1887.2124445389381
-2220.3755334638954
-2984.0860894055368
-4215.192204107141
-1424.40621107377
3598.820467821906
2646.549736717055
-170.18617040677373
-1197.4926821199642
-109.64360151872575
-3134.767159606834
-5954.422029126354
-5870.985468638666
-5545.30831624237
-4765.655640848365
-2690.1770252636757
-805.4833769851048
4174.723577741679
8282.938242805218
9598.718845653313
859.629794987728
-1028.7794517391912
-4447.637866951229
-6147.691147932285
-842.9688083841565
-5492.25857144295
-7941.418465029907
-6255.139417733313
-6284.584042521467
17.958592031717217
3095.5179019467923
3727.669433752136
4950.080242633404
8144.62960753783
3952.8713305245765
-4257.617996723051
-5791.726125357704
-13472.339392531369
-11304.657665261266
-8687.007189237069
-4102.56545123403
1456.7631727632288
14854.217100857677
19296.16684102774
10886.783741590449
-389.8393365673628
-8684.305885234528
-11819.439179556903
-13532.675196460466
-10633.059554753117
-11110.079981709667
-13769.069523214152
-12243.409140333719
-13870.560591366997
-11887.522391042807
-13270.594989716918
-8392.480115000591
-16662.521477988626
-8896.977336075091
-17019.928329006216
-10670.482505988586
-8798.340442361383
-10499.103352223607
138.7847488801367
4129.321451963342
8158.765691302206
4019.6678401198997
1498.176767006518
-1494.7090051112814
-2558.2492375692464
-794.2761700354158
-3574.8678767064675
-3459.5868665727894
-3172.0487947034135
-5029.834468718311
-3498.269080411903
-5470.367948123872
-329.1869312631716
994.4846206095672
2700.555513163633
2159.3743767124524
-806.3996922851984
2683.1021508211743
-6431.015573639238
-9068.964165612626
-3321.027916118625
678.2418020742921
6523.311725041569
6742.092722778274
7399.399496952431
-2059.5803105463383
-14385.922303503703
-19838.90758038843
-9430.536442934466
-5865.307999212364
-3242.4581658257816
-4205.137667046107
-4986.496942502818
-3104.9423451767198
-2242.200221837202
-1694.9773190706203
2642.1542891359422
3667.455145629072
4732.905766656799
-89.15380873810204
-6484.8704657089875
-6486.744067261299
-6454.155353391462
-2745.7507600101617
-2353.46769091236
-3101.8504664634347
3547.0706668566
1217.2675297568458
4665.893684870971
-196.2269833301798
-3379.29899467115
-9533.579175231236
-9222.838715736088
-6157.824953954276
-653.2900655555231
-240.92286193046857
-4120.778869080864
-5266.340508210639
-2390.448171259104
-7534.8813309556235
375.1250400659892
3620.299073758384
3551.7719770819267
5437.830344762109
3124.2177774191136
-1188.2419375769264
46.05933125064098
-3747.3202563656996
-4391.976488692676
-1045.5294192618244
-874.093149554116
-819.2671405684869
9099.20013204143
16619.97840192212
21042.47948211742
12272.006511937192
2592.844207142316
-3188.4465731339615
-1652.8672061433208
-3937.5594251120947
-1653.506940364734
-6647.9439486535675
-2948.16982794084
91.0915364954908
-2522.6343525089296
2425.6099198044103
6260.791163398627
5447.308222610336
846.4433717487018
-1452.9130185236484
-6725.402638346397
-5968.596427059965
-3677.9869681384
-3427.1505727323215
-155.83921145257955
4159.1470821618595
8510.94252209712
13699.817367190957
11895.188267868281
7540.413729670913
9380.137349028559
8199.27614449715
4939.846199190313
738.1904288069311
5090.8750752209
3499.622859561151
2055.587347345173
8557.406098748303
4161.158719931358
-2523.3249257678503
243.6479657461441
4116.755081823422
2183.241794698388
47.71233724752665
-5596.015883581564
2117.999354263691
-1750.8031271380187
-5043.536522495433
-1981.4992712120834
4465.443258029371
5323.49315517258
10118.302545961838
12115.458225662469
2333.619367008364
4788.421634247198
-89.75924812071935
292.93253021346936
-351.93368611288315
-3599.0484648423444
-1002.5778059863605
-2293.624865321076
95.33887446621156
3079.4847343037227
3454.471410901361
-166.77655025612512
2366.679995134802
2273.5792167403106
-1260.3653978107136
-3802.05576530694
-7943.102523860966
-6845.690469828942
-4633.271924322433
-2831.8337412678848
2343.8590162401997
767.8611187819097
2984.0921084464
5301.060400358536
1381.3023062359775
-2889.235144711206
-6812.550197238883
-8897.528641845185
-6094.612439766119
-7690.103604442009
-12111.92659219501
-13419.271092594248
-10636.753024942327
-10796.740896847714
-9734.714479706709
-9250.640748602327
-6969.9699485795445
-10748.195907571422
-9545.101434825237
-8950.479615672908
-11121.795223379064
-9440.355112956162
-9359.34640931395
-9227.67242077008
-3821.4900149490168
4089.558982389137
5883.649221278557
9135.543469406028
2286.777384749341
-2933.422204264536
-5036.770820276201
-7632.779633893513
-6109.669829027197
-6372.387055692235
-6553.924272940496
-7031.290041750327
-8763.846259224218
-4300.6207825622605
-2373.3826893629903
-1804.1016924782634
-1821.512065252798
-1863.0580322138312
4108.366564380599
568.666525691671
-4789.671375381629
-6388.076979991526
-4063.8658886955996
3303.218525231662
5711.93177089372
3788.9622299282896
1791.7175977890302
-6537.778163369673
-8344.273213191711
-242.73041408641257
-52.06557864181923
6997.176138691182
8358.21759019404
3179.2502591671473
2010.7099223933453
3760.725669732172
4076.9226541162857
598.2300918033438
1396.916758094882
7024.381988190431
11571.40979117715
9697.939664004361
8131.715836021967
-1656.9863065806785
609.3458349296634
1275.9729746919056
3166.6746206865446
3174.61724424394
8875.401038681059
16018.594118594427
11802.40048463148
5021.502903961299
2233.2587965309613
3080.3796425949113
2786.371635297781
4913.330343792342
-2178.83491358394
-3675.8556894194776
-7933.543896848243
-4978.27469506456
-3616.396344001689
1698.6399624678797
3389.0764236737878
9300.250938938541
12044.702263690075
11465.828048117786
6528.727723919443
-2884.7632199131704
-2577.981053377759
1919.6340724721479
4556.82916400378
1519.39812981877
3553.827102612683
7530.532782017811
12568.766630960583
10587.372030133307
9867.819081568088
7278.0605628300755
2607.6083597223687
-1658.6995880595641
-9108.699184169796
-6731.0565089058055
-7169.962403565505
-7545.035632852119
-4314.969197290905
-1773.9482816462278
-2470.634159855381
-503.3153686954811
3873.2909729663434
1475.8198402327334
-4254.925886615052
-5154.842665032644
-9525.770659771839
-5351.408962797359
-3191.206302765886
-3508.0375410851593
-3593.290470203201
3473.9303451124433
6831.566487075226
11379.575120978992
9554.58075779209
6642.555586162043
9014.656543131434
6528.733612491649
6985.654515586166
7228.64575511834
2921.182086470768
814.1449498902675
3667.0417067579324
4833.384096237784
8134.172700300815
8083.59337397778
6777.536855416092
3614.8095595351933
3380.376385632564
-3852.1909047224353
-3666.6965445465135
-5907.741458150842
-5551.218823090847
-3111.8465428454892
-33.84961332544117
3921.4070869180287
9350.02269639562
4370.383461431853
5202.350392376411
8773.2276464181
9420.915997676222
8384.852357459085
4328.167449416761
5225.56192417466
3696.283762833381
2501.7299551354636
2968.544491996098
3513.115128687865
3627.3681785799563
5205.665882661824
6988.321978532442
1363.3493671649449
7853.784006861479
-3265.8671811303593
-8694.859715659428
-8336.228682010462
-8163.70677746303
-3568.509410249293
-1388.91617576741
4008.8309825670367
10603.924193121718
11109.29956068011
4165.261615393372
-9229.72748505812
-7620.459055234106
-12050.594202532
-14168.79252561793
-13277.3485185971
-13928.530813230635
-12938.92656894338
-11711.842489261784
-11067.811140152542
-10111.216206450907
-7532.499645982108
-786.6626551841618
-7073.368889596043
-10616.390931098627
-16593.737478207717
-15346.526680876941
-11837.979469650756
-5212.128221351127
1608.749150817845
3809.0244029235546
3937.470215528664
5545.589329976114
4599.54094945965
6175.607374874234
4043.3037569866437
-4276.815432487367
-4326.666584552917
-5187.002729756205
-12369.828256893219
-9157.584617564422
-6926.894775028576
-4709.162738408875
-6391.652882316129
-7971.140091028844
-4924.987061095534
-799.4561725678386
-8444.290331066335
-8293.638247621548
-15111.831686091504
-10953.58245084797
-10851.80085340068
-9807.782150922452
-7305.94792806658
-940.7415047133636
68.81450516617042
326.68732059303875
-2175.651969886041
-9326.858291549783
-7278.504302741583
-4007.7468246046383
-1445.2707823614264
-1112.9945159852805
-4649.316540499634
-7671.917475180343
-11886.93717589138
-5375.499879195999
-2195.006366636094
3848.0201880511268
5639.333159553858
5180.573439015418
947.9703566267472
-241.92277064522295
-5071.5430049732195
1038.0428701142673
-3527.7888826006324
-508.19505290536836
4115.767821998488
10318.361252225688
16778.45777934044
14670.653644015325
9205.800201194585
7681.698210932675
11582.36774185185
10932.834806243949
16320.11119618201
9782.685784696478
3966.044279591517
1653.237770642084
3474.862258995511
5700.310200234142
8956.290668927428
13599.041019333234
18662.776483933292
18610.52817104431
11134.682496673602
6095.779115725736
-79.91263749991413
-3466.4442199273435
-2459.739507518754
-6229.115710022254
235.79687845329317
3911.789797420286
13292.13564739894
22764.082286315865
19357.22681584137
9610.821011326521
2874.066596015049
3718.6566203544626
-5645.164302030734
-7265.332273220531
-11675.531791142665
-9351.978453642692
-4971.282940902266
-5739.903734948844
-2364.449905527792
3781.1488066030624
2195.683295481659
7807.877961901459
10169.208693563505
9209.803730715139
4483.909816173099
-4743.67841633659
-6954.024211633554
-6823.941771436434
-6150.473656799068
-1032.0714352078476
7001.578676487665
15350.941146104802
15844.23881518857
13016.074444951744
12690.484689770643
8538.286241496658
1210.6323529834506
-2777.502109473285
-3448.772127340621
-3245.4080348606103
3114.61368351217
5886.6150476003395
4866.412588870888
1729.4715633842989
4750.397255914941
4906.45000135475
5913.051749345774
7419.921297159271
-2539.2608706712635
-1922.9363254663795
-3623.126610021209
-6929.296779753471
-2804.884912822654
1444.5957714381293
2544.767183782127
4116.837403969745
4631.015194297292
3717.7847125288536
1273.7215358107478
-4542.890842419903
-5941.140685026704
-7129.210423613638
-9402.341046377609
-7555.2483313199145
-5938.655789967403
-1926.4916371033985
-650.4195050166832
-4448.371276440312
-6058.38853846442
-8501.169303180232
-9816.67543168529
-10665.074516082152
-14499.411566873154
-12779.46849174377
-5383.852151721779
-3017.589836874905
-2340.5815651142548
2445.535734185618
3918.1564012479394
1731.1912580814578
-2393.624102369389
-4763.836150048564
-10877.112198306515
-5520.897340946536
-2812.1249283082207
-3697.281145809089
-5715.486213718551
-6875.175302154137
-6582.750253298354
-8958.237411267288
-9616.842416279258
-9610.847805391179
-8287.576660259358
-6209.307971246253
-9185.09971054039
-12314.777183859891
-16260.521185710826
-8695.284431412212
-4218.1123709420535
2551.0685476011204
5478.572020983209
5612.916921094131
10269.23259631217
4773.576083361073
-413.690488261419
-7809.094011242598
-8807.726367795462
-1242.0740684737489
-37.16614707687495
-1307.0373395253678
-1170.438570021784
-1768.3825798301013
-5158.950172235958
-4307.128016718859
-3705.49853800636
-523.2943312881289
-1382.365426754005
5433.670221215418
3898.658925750405
3489.504430443299
-2238.587045553526
505.37002277063493
2540.2598275755718
5706.294242282187
9688.430617207337
5761.307218714497
9321.94080775797
10048.947267299467
699.405341851957
2482.943111872776
3869.147763521005
1125.0285250160887
2505.120554912224
999.7254714052906
-5083.175558623077
-7312.750027917849
-6336.430281254375
-1620.8278491004098
-1096.5091591297232
-1936.7615490511307
1906.1956689483231
4693.310042715509
-648.2162601574853
-959.0720247283753
-9888.132546534962
-5512.159806176591
-2859.927137239796
-652.2075364269749
3574.705632685218
5758.904979556048
7598.8816004714445
4693.740601776137
5260.331003471367
2023.8037518150763
2796.7541047200075
1163.2773728014636
-140.98927029265178
568.4315246338256
-5817.758576191337
-6750.6225960001975
-7791.094094399393
-8416.40667765369
-519.9424904303969
1095.5968492082498
3812.735681899857
2249.738049356301
-3012.781551459969
-5027.676296812901
-13009.353970050623
-8795.638849277591
-4636.923801040205
-6272.621124260551
323.5371319082824
2433.264383242378
8964.11021798641
9766.593419308538
6429.983236210304
-309.31878811563
-1646.814041685364
-4747.493331978558
-3822.042709472138
-7121.380122836581
-3115.492357946885
-7109.667106792122
-3836.796980780702
-3415.255712159414
-2605.548657261047
1396.843825159312
6708.906554582444
9069.059017840282
10039.462723797264
8627.390277565906
4491.4849759620665
-1177.2398366467296
-5420.566562291029
-3326.256522636708
-514.6457528990331
5129.046997208828
10519.315024635227
22279.49689671882
22179.80470995902
12327.620534345377
6497.800431136483
1213.505843806092
-3581.7412399221066
4350.267068521656
4017.424594640749
2711.2495391603893
2379.8523943844048
1038.151742644537
4219.485058593817
5386.174459338916
8411.375674667379
14287.770394187963
12659.371408089439
11109.010677359593
6889.97382692972
4936.621487021335
5813.339012923276
5119.393376429763
532.8871983424388
4941.76959979498
1317.7476436597863
6391.114367846958
7028.791966745102
4674.576108104818
5706.35996384721
4190.516707906903
4879.002393437133
2801.663564636139
571.4705844075324
2229.452822976955
-2876.452527515108
159.73955650932658
-584.2386865383955
-3161.6769870481485
-3249.176702303458
-9159.11481749354
-9264.202351299104
-5644.463663644063
-3816.482230963321
-3304.5818263260862
220.0087259508823
3189.377532445287
8156.362634315834
1292.0693337338184
1823.6716054024532
-8924.414202022508
-14691.270145398388
-17515.654251213055
-9816.062932830695
1174.6153901972211
5240.918832014833
6524.137600462274
-121.5556895951886
4019.626713639994
2270.0687090576976
-1759.9818362074675
-1991.0378797641697
2517.3727062896933
5020.122403902442
8810.575769167754
1964.724952581474
-944.7553046271842
-7655.892430764886
-11351.970230634346
-6288.785809704341
-1012.4051034311005
383.8584804326947
2994.4127600401916
5143.050725052726
5168.526416670644
8760.215493786838
-32.904082658818425
-4319.759315595251
-10042.269772555488
-13876.048197453994
-10999.921073195
-12539.05561212866
-11373.75561139253
-8896.808869142544
-12121.40548618821
-12957.530215346622
-9662.050337343011
-5005.934986695048
-5898.4159058934165
-5462.129795467386
-7252.089287861729
-11214.419240463842
-12220.963991024812
-14210.538242436778
-9647.76619587373
-6188.124242320449
-1824.8180851484844
-79.9804425244215
-1680.7789955541407
5974.351307896806
2145.3226620849014
-322.3697171831175
-9665.578495056556
-8814.83463347581
-11140.054127259718
-11705.34664304673
-12659.300880205034
-13667.857541557829
-11049.715244678855
-10008.178296625363
-8228.162577519226
-6361.047569768367
-5506.657296448656
-8973.570216549162
-5363.87798172021
-5760.703153521398
-2072.087700801956
-7674.558778119911
-1082.8984150975875
-1867.197310829527
2187.7603540570235
10702.949376798973
4476.753594690053
549.1130253706592
5957.708498567076
8544.864447769893
10219.555507937212
10104.271319014977
5970.263492233237
3923.3451028674626
1033.5400023960774
2322.751484651102
1206.879551071801
3444.732281637376
3978.437257700502
2175.8179244841795
3279.46167418462
2034.2596610065252
2283.719306285705
-4484.486788476139
723.5985507794921
97.98705134764805
2666.8599981236976
3383.69595832004
5990.0189110291285
8536.281604536718
5847.782227200226
7060.650244504123
11270.51292306768
13569.968920972598
9601.135869707112
11702.026200040089
5264.958812025576
-969.8065400895484
-5220.715624150139
1533.321372591285
6574.355839078633
10652.676763764925
10551.838939590263
15582.763178880345
14903.079745392613
11895.607125845023
8148.467328166642
-1964.4411680377543
-2126.401188336841
-417.80312806010465
-1339.0519395751478
1519.8738485489744
4880.7592694920895
6280.756747831143
12633.944927905659
13562.043319608849
10346.757111705472
6000.194692174386
3670.8325976717715
-3180.8608492886087
-5685.126891910762
-4774.8946087814165
-1365.3217287144344
-1405.6826798391285
2133.0500001387795
3927.0372702006744
8586.802483951915
11736.567682979921
11102.748420954036
10602.663454139372
9025.49459955822
2067.994260214269
-1944.804295622076
-7614.195017137075
-7455.655112729812
-3052.1901615036804
-1454.1727175652904
6210.867010159434
10992.518914561235
16087.147298331285
8806.256818965114
5725.160027718308
-1658.6510216239622
-6845.14711555467
-11198.306198543334
-9227.118053855182
-12287.429762422526
-7230.642461465837
-10365.46421685912
-10611.882189425161
-10262.403634136419
-8976.231376003754
-6274.041121861432
-9595.468686346989
-10614.91474224568
-14016.153998614089
-15987.327573299859
-10008.688075561866
-4685.084514521379
-4078.6374128618054
3474.9708362195515
6512.861933676324
8231.907402675877
4932.163583409257
-5478.576774263034
-3628.580808423306
-5973.380992290897
-7971.849410437255
-7905.520365146165
-5852.527006796946
-9678.16139925582
-7713.271402899162
-6579.699024582933
-10062.681446184228
-11169.154258897677
-13013.813175863323
-10975.005003450571
-11597.830293546758
-10277.61104697028
-12870.956541447256
-8286.606984758811
-2307.0871994384183
1555.9555749948056
3560.3936140679866
2272.604800401421
3037.735499069164
-972.7371157289863
-5694.281445332627
-6325.939947664891
-2143.9472353607534
1680.2466017724637
1513.475018536681
1320.6563414083466
556.6206131945019
-4904.789958924166
-2027.05076101536
-2593.2253442822057
-1040.251662193583
2862.8398302882597
3937.025249779357
5988.049429485117
-101.98425313716962
-5387.247207954238
-14194.13285129421
-12888.642628510983
-10017.097219663283
-7184.0574683098
-4476.349381939229
544.1885592016461
6957.663727718031
8571.757701416052
5872.539629417169
6515.697214279686
3482.6429117363823
1318.6869280279825
1200.5285240180401
-2136.092033935697
-7459.823350383986
-6064.113717502515
-2365.5208710204697
-1676.588079803816
1625.5352290760393
10521.679120228267
13330.247120551465
20984.335508237433
16143.674714380577
13427.121354255058
35.575268691241945
-5256.048664252292
-3001.955992088181
-1091.4957418809527
1770.4452522609254
3347.7537536918903
12168.998784034964
20083.528491023484
20844.670321799356
16117.79519611077
6873.843477506507
2685.747570230925
195.3777088763618
-7997.63024374421
-5057.304761862264
-5260.651974450792
-2196.5615200633683
-2816.6601280544355
-1246.0264337299704
3097.1285875746653
4720.254453360769
7155.614462711274
7103.348408180271
8294.628642539608
-222.759982417253
-4513.2226815338545
-2203.4828797497707
1593.0788253768442
1988.2944550334341
6881.865720269185
10647.019413382577
18495.208194860177
17275.83657289581
7650.431183253057
1163.2195918504017
-8380.304755564077
-3227.3257712028744
330.89619881516614
-2288.139370215759
-1883.1222209161951
1598.939473203006
-3957.1030218198403
-7418.020693055496
-6085.872479235694
-7724.131819531339
-8944.831003769845
-7811.421153419953
-2278.9352659239103
-919.0444625424175
1868.4034714645707
3151.855734050879
3905.720267582522
4892.947266968517
574.5358943968024
-3845.2465685688885
-12143.993881294016
-22183.90519842371
-20118.22630146305
-7492.405172559091
2781.4402029710463
10103.581202370093
13925.590789363805
8180.299296269158
9985.673162921805
6659.711651935108
2561.990987674062
-3962.0263460402575
-5679.70360344172
-3820.238626173761
-6457.683651707771
-4446.898731238247
-4602.719132025119
-5064.370333668811
1476.3652005278627
-1535.59910118294
-4463.695725194131
-1555.7016188268735
3055.9460234371763
6313.1457578832815
8878.249706947096
8337.349493307836
4394.948202726615
2661.8364590676856
2681.039600885139
494.7145797396015
-1765.4773469763772
-3705.994721562399
-4346.268858655395
-4068.6403628746098
235.83278606620934
983.2398203872447
1438.9929641439576
3047.6867844094795
1096.8964069924532
-2125.036752421367
-6101.894169029374
-9859.90001559507
-7658.210317046932
-6352.322619346399
-1192.6661738323987
487.10156448661746
5007.433984875853
8402.348303164608
4899.443326299503
192.8233261546684
-4081.2678531642905
-3998.9897703099214
-7068.703777958199
-8118.631677177244
-10187.946817739765
-7748.904979741921
-3198.917173187664
-255.12887278765265
3385.2848795030836
4644.252257959681
7808.723721021125
11237.276771685412
12918.48728053154
14079.021194713583
9706.921147631674
1082.7037054714183
-7129.471975060357
-3532.8249941379117
-1908.8528007964414
1968.2461489639168
5484.892666965825
10337.54190006687
21476.493336601925
28771.443929851826
19522.376132565823
5955.7389121131
-950.5757871404967
-8647.6341051759
-12567.390481537299
-11806.020841174144
-12918.626462900476
-9636.927797033019
-10751.614308344553
-11869.31738091903
-10738.454559563328
-10228.484819254525
-8529.642206397639
-12568.99133858828
-10553.385751835332
-10856.488994914664
-11263.700982719183
-4914.927021360404
-4905.746599397855
72.33458113452434
7652.852710466712
7009.867499529346
1778.859675582018
1904.2990680904113
920.6448539734156
5890.673975026886
7891.878076504352
9205.789272557835
5265.41507711769
6012.20819142823
5511.894030387077
5115.89159259322
6364.9960768558885
4994.860368505168
4913.482793856302
4359.057929590039
7022.961258593543
-828.0889308265912
-690.8082163098202
-8296.880945279656
-3953.7110755755066
-429.4989190149554
1043.0889863793354
5435.5591904850735
6502.804578838976
4952.271208707785
982.0338202691801
-600.4289189843712
3906.0052953028153
6039.050435133573
8359.520877167375
9046.140008573911
3876.74547957731
921.8286914518935
-4898.4771827535515
-5815.139390928138
-1984.9876353190903
3055.629543642981
8097.057249370706
8677.948477097654
12783.636404783972
12502.571700709834
7412.088707517131
-5502.1645477099155
-5351.160572530131
-283.27383569323865
6186.302996102246
5799.036450045221
5790.7466671098355
7035.017470652907
13153.82762223139
12995.684500545289
13188.019437293897
8015.499832667507
5844.072267667827
2562.681928480246
436.5768416840965
-2533.064026851891
-2183.676592592654
-3559.0606710905686
-1533.3975015335955
2242.1538634306753
4983.258903490409
6380.0244552661725
6137.583328111382
8840.514828147152
7924.755280190557
-95.87614042908172
1445.714298165558
-1285.4006443567378
3272.5737419712477
5680.559873698048
6097.1874222928545
10538.094867323372
12829.090765304185
12059.603406501074
9629.61134526482
10446.553930889015
5831.206221903823
5862.7570810468715
4474.00146882162
1586.1147082362882
-1017.4852597358304
-1094.5103431406333
929.4191405198835
9.270879804274955
1146.3665451876059
2017.585026172338
3980.158432696371
3343.4786424713807
3870.7456354091364
-825.9894836468752
-1073.6067959495144
-4546.43589476405
-9119.488834471023
-5217.788677941727
1392.2512617424231
4838.662345817204
2742.3078783442897
4269.689263391048
3545.4405175792836
1450.665024253114
-1874.4314762499544
-6150.1708374878635
-5724.612039829792
-4536.244839079545
-4802.665255882169
-1688.3770930035644
1422.5043274999266
239.50520999881928
2100.6194382537005
-2192.6229232510887
1632.0134223273553
-466.89931981330847
-1640.2116257963035
-7872.331059504909
-10400.298576993573
-8509.47722677004
-1584.784321648931
-4240.018577186222
-3086.3840981055473
4610.911819936649
10723.9818576426
4259.800408553256
-7422.825688606674
2527.5524689155536
112.35535435471684
-2228.3653300470337
-7297.626863720952
-10866.2914886145
-8722.937037201344
-9468.737399761678
-7423.8505282751175
-3090.101766033288
-3184.8926203980554
-510.06120544455916
1813.8338336228871
-3049.973681915223
-5740.945648024148
-13700.04354414915
-8371.143997728544
-3459.1304114692693
1240.3309602658173
1428.6548770033246
2597.883927139218
4400.890205507369
2959.1696423367503
10431.226567757541
8761.20512062883
2210.8124198770347
3201.291675986974
-4177.481235741481
-4132.099028576035
-3650.243087631605
-10031.84157211252
-4165.924948490057
-2103.892338016559
5780.234174214024
3801.869642696577
7248.5670070203905
6180.972197449302
6133.48405775357
3684.4454836397385
-2058.2694187350144
-1832.0694033547588
-4765.833088814353
-4158.527909682271
2261.9742257124026
4611.156447414898
10446.898867704153
6607.533319118582
5337.897568573384
3499.6749177538195
2314.1300749504962
392.42229494964204
-1916.1645515148498
-989.8620824678433
-4861.222960797483
-10725.736306116418
-7730.028720336326
-1200.4243094787344
-2347.0798652530266
-1418.8391192008348
1213.9123527857446
6613.168284497737
5230.635842614369
6067.0698804748845
-2243.732423594894
-4262.636312684443
-2966.932340835988
-4956.809990467313
-1135.8525101776718
5481.98981545259
6395.215818349914
6522.45932676478
4780.8645759730225
9257.43891700398
8476.139964871989
2374.292224028325
-811.2059296141533
-3679.4111453437426
-4632.207777108742
-5003.941500966897
-5662.3884358868
-5553.7668887178825
-6188.629328185583
-2239.5717280338786
-4615.60650078274
73.18937134150656
-2680.4835045005448
-3256.059192323196
-6191.767437082842
-3489.6436984461116
-1193.833746546075
2359.897830173126
-2255.725214868835
792.1509541571322
1914.491688283255
7752.839934482311
6891.603526662499
3090.656981430205
2781.920984634273
3754.2058074334545
328.21611022662546
-1718.758716118627
-4017.012327672364
-6427.163549296144
-7811.603389176037
-6207.273566167626
-1850.2110797768396
-157.914113670613
-3820.1152754971504
-837.598432194171
-2153.8367330500587
-549.1941330482846
-4441.181351176089
-861.0784968213993
-4835.656111722988
-4676.117714833745
-317.89636370132393
-76.67197204253353
-3107.030817523537
-3033.6818811825106
-2814.3192609078724
3170.92810499028
10032.881997487639
13078.6010764177
10058.071940275866
5698.182296122533
6696.056061315515
6218.64891687031
7327.911070430069
6805.4719779718835
7692.995391704656
9184.184998656132
9301.290788587601
6959.549437915691
-816.8620013656569
-232.3082100167046
-3939.704404956383
-4440.117434676264
-8162.784353087893
-1880.3518754322213
2385.6272573777815
2568.112511998028
3826.6217015660645
3132.0521646879956
-4064.843986149243
-5479.694664113036
-5142.5616692391795
-3816.537560720669
-2426.4766956793496
-1394.8422703537767
-3259.3365193239497
-4911.666120242091
-2654.181433544589
-5742.124057179632
-5833.425112420055
-1654.5150861008942
3107.413726337415
6306.091677855273
2244.0530606361585
3264.9788751962888
-1157.5050008182334
-5457.832967833128
-5913.4079133702135
606.401574767332
5015.059904443792
9872.748722510807
15016.22564863645
16360.322431562805
9025.668037476642
694.5707845772295
-3350.415334499965
-10516.797626622061
-8588.723669567524
-7233.759633890168
-5936.535902213336
-7874.902734829688
-9624.173032148537
-9110.006578582654
-12911.969476918755
-10670.41061425543
-12150.923826609149
-11412.250426252385
-11043.174808337426
-14538.091845604937
-14055.19127786587
-12553.824251851462
-6475.063186638945
-6837.344321322908
-5731.508590554272
-1461.777305427382
1652.0686827101345
-1171.3637693512683
-2867.266245880135
-4900.627509264163
-2421.385439652977
-3917.7076196776925
-289.50207310172755
314.4419898206197
-2148.2760715062614
-5657.988154913914
-5380.290401328835
-3875.546898563007
-6951.228111742585
-5840.878306355411
-5091.81171290915
-3421.694634202126
-1756.0252824635108
-4801.673013107018
-10390.543286748849
-7290.489687617557
-3883.323663676607
1389.924939998402
-1140.7215822050066
1215.8281039970425
1461.1391673808957
1245.3530370518924
1062.4988750051998
3048.2668358577143
6790.91222209174
5721.700235710234
4175.329185887248
4397.445986162769
2559.5075896125704
-1376.3598316763678
-914.728405603503
5984.629540502204
6027.6653654864585
1698.0532560496777
4642.102555249818
8988.099248633607
4697.448723424857
3277.238155089453
-435.9940940281422
-3211.7452227536987
-9751.757712307828
-5108.527190040866
-2153.743459236852
3497.544187813611
3785.1780635353625
2975.900078226517
5512.2484782429765
4344.547321936087
5263.656958128962
2285.2574190564974
1750.2675691701406
699.8466027910363
2778.815023596418
2087.3876910237477
37.91428705733597
7157.9891935275045
8849.33661088787
4702.374056399846
7136.16874017074
11513.66688858259
7221.523353832919
6941.314504286753
219.34649214525734
1028.0168957516898
-1787.4288808790325
-4236.692766885984
-2466.510222388406
861.5820826442432
3172.7847522579104
8425.27750121861
9042.501830030275
8869.418203096475
7888.536304911397
955.865792885184
1993.5949856931647
-3016.938338935157
-2208.1094474857055
-4397.40861021244
-7244.120077011931
-2564.1645118614347
-2275.29357202668
-1841.0807454061041
-3578.2668226613005
-3920.9670072183326
-4295.897489426825
-1989.180880826131
-92.05137581649888
2984.913292202338
3250.5242106291194
5865.784415678066
5353.454381766913
4070.703493349506
-459.3097243776865
2104.6471601928442
1664.3888798250605
5060.973493163141
5946.0575347866015
6833.793565596898
6238.602512940994
2483.9352368323634
-3268.845539834647
-3092.9221480993974
-5099.2192907436165
-6089.233654083639
-3500.3983062536863
-1251.3842096280987
-549.233425881258
1779.3985812535361
172.95248898139744
351.18503411750976
-6565.00050092877
-10205.460230243869
-6503.399086084722
4345.646842465205
5371.920165329942
7641.566382690644
3276.727055033769
6545.62071590985
4524.82862710263
764.9066676884377
2616.95219497168
8762.10613152394
6778.653082593837
5288.75612115873
3585.6172615422684
387.9002560879726
-3564.554100283376
1533.3827442299926
2556.6208298075767
3720.271795748959
5607.74293774969
9308.75211436556
13493.634488898962
9527.16324388861
-566.2460985252637
1816.3400010604828
-1898.7525184128353
1317.7531133180219
2322.6531466384677
8238.586585622063
10183.287856507965
8947.499333739073
8956.435936663298
4647.893352203603
-611.5645434058588
-2771.1749739977804
-3331.9805547035867
-7375.502973708637
-9575.193672636962
-8254.95690283907
-6151.4117363191945
-5796.514359095502
-2668.270057526677
1420.8252017363548
395.38529188123175
3692.5361096383035
1416.100840980012
-444.5677819866373
-10947.789648905924
-15512.63161336318
-10654.351474073832
-7424.115036685568
-5116.910123504572
-4630.1922879880985
-1071.5068722542155
-956.6984691948855
-3389.8134907401436
-5383.826324192845
-7620.086725304069
-6066.596462708555
-4902.863157942449
-1560.807011895089
-5840.348316973842
-6969.742168948154
-5085.475495152745
-3405.745475286997
-3572.657106311029
404.30264053293286
-780.5373216759192
-2366.6903646993155
-11600.271303308176
-14238.768995435654
-14039.256158342097
-13726.719050971704
-5978.339404966223
-2865.5813679590547
-1323.1925687660678
-470.1705098594098
-1646.8569636522407
-4508.131557993258
-9463.222121533721
-6032.279465643385
-9723.228251030294
-4490.357141277727
-269.3819723619413
1052.2138270836203
419.7481142536799
-4670.149960652545
-4541.53739898833
-5449.720111278635
-3006.7134024621128
77.91202886134306
-1216.7210453783741
-40.31602790824627
-6910.763567174585
-3879.725639294239
-7902.255682936844
-4018.3438761424136
-9006.675725931313
-7198.6529488605565
-3078.306323973804
-2751.3762133088358
1081.6751900045465
4619.552413666045
6915.984478681776
4045.975895627754
3160.213606645206
369.60730267181
306.34697547546057
2639.4785756448473
3573.3652937451993
-320.12283479408507
691.3675619066034
2464.8417732688877
2793.420434164122
2867.6424553869892
3554.402276773648
7324.5629548013385
5441.793434431615
9911.405325821286
4864.2309051590655
3396.3621562690732
-5678.672828620088
-3441.4346146608327
-2313.454122706533
4188.220231247504
8221.85776629348
15187.262740463264
10100.074699681876
11517.707550361563
3910.9595913004023
2356.6445023290316
-857.680654185202
-1541.2306376571605
-4016.421188256758
-2526.622426024278
2422.222582108994
1472.968761790211
837.8899335906754
1883.0060436251706
1634.8420317642212
8058.138889728557
5233.423428435994
5297.862972892718
-4274.732933459829
-2380.874485822268
-4807.4148095950895
-1722.131867297548
-2428.4561599786125
1285.9975288034357
5193.361833964313
4017.286122965211
3707.0147336215564
6828.542098836226
10198.108683443457
5113.057353839141
2057.334878497235
-2331.5153526373215
-7855.914780089086
-4722.270507459619
-3005.2056717781634
2149.1019513327565
3664.488806751562
3357.6458975631335
2088.150874173849
5343.664764171172
645.3110492366689
6660.951300574923
-3200.2293972852717
-3609.298293822184
-5618.66058904218
-2498.241785517059
-270.7425021813201
1819.4173283691066
1846.8801220916591
-1126.936875276765
-2059.0132600318093
-3676.1284974799028
2693.505751188295
2116.130711872338
5098.00977157452
3265.4926211640304
3980.490436692713
-445.2891685852046
-1988.4203694839653
2064.743272127489
-200.6551860025138
-1118.0377387983954
-3003.686536282521
2553.4578308076616
3644.0849233640065
3373.317154430909
-3401.795924504625
-4835.70290211008
-5786.873059663954
581.0096979463174
3302.9688681693688
3426.3280156836267
7252.073488564789
4836.961946058676
1848.837688399416
-6754.224115003165
-11753.06302035505
-14236.078394803006
-10654.43948811921
-8432.14728456555
-7005.565438400889
-9448.551230616788
-7133.41456756162
-5909.895909088078
-5870.327761856987
-3567.3069612197123
-4553.306508395197
-6335.360659598717
-5872.70081050066
-2818.467500205341
-10752.356687641592
-12736.592975623353
-7672.434274198774
-5464.809626050983
-4699.476655935436
-541.7977363138882
801.3845728141114
1468.4851274020466
2895.7473861898843
-3702.1773446150687
-3429.334025901622
-5025.147175985054
-10772.258968796721
-8975.128990427376
-2190.315493487974
-2158.2191294809086
-1509.4527900193289
-688.9352208465803
2380.4538659480527
3188.3127182935264
6178.281104995494
4165.466936878265
-1914.7029013941697
-2042.633620978622
-6124.906612766143
-4960.3217502808875
-3909.3741856891256
6.076975151652732
2369.411622342429
2790.957864879585
5215.652373989493
7008.984601326449
6683.462375711617
3456.143521619028
122.37828084426428
-1518.9315438469987
-2582.6400023039478
-6124.034855326576
-2775.861986595867
-4315.51228722262
-1060.6548202251738
-2296.2845558168337
-655.7094811092375
-1198.2994086443805
-3713.4004607314764
-3672.1196710709473
-1080.0621497243446
1164.3158439188046
366.5142924999509
541.9759872051318
-1226.1568238629793
963.1287683861183
2260.820286934152
5695.376826556201
1680.2808642539121
85.60950318574169
-1907.4012525958349
412.7982981254622
4145.907464272476
1818.2515508208346
1174.4046892377228
-1605.3608289422527
-4638.777166720164
-5670.47763970074
786.6618969192186
-12.206182394496864
-1094.2157441456657
-1214.0930234755806
-1670.2464684823929
-1046.498640440137
-762.9884053866035
-1016.1712917577056
-3041.6860954094745
-3953.275192662596
-8589.528694631797
-1603.6428045916998
5507.365116702463
4568.132826482775
5874.122836294753
7704.657144163857
5192.850560188575
1885.9859463657076
1785.60941941509
939.3345720989241
962.520195103184
1976.6704215934833
1884.340804427471
-555.0945295397851
-884.4195723466928
-1283.250590403155
683.4703134855972
1911.4068570820436
3310.2644723410212
1475.2581596152359
1338.071447085379
975.4624203362982
-13375.616753227636
-3161.207099934743
-5034.578721734385
-3441.1667351975175
3356.6562191674166
5183.84026884601
3374.467946847391
6077.909317089843
4132.915393739035
4265.477915236569
7640.9557446597155
7472.435421319047
6671.769287672465
5834.447565024527
-182.40696696530267
-3202.016435020507
-3625.0156942804506
-1652.3936245315417
502.2157303079657
616.2128808598809
4881.118201854882
9225.40883332619
6209.271971331527
5414.83882210227
6001.685922883366
-5243.853564794437
-4918.215528376323
-2793.655229939281
-966.4929674946973
3913.92782157792
5784.81375586938
6878.606002374518
3464.880393019895
5093.469938753375
1389.6191105698679
721.3390275167305
3301.409856854803
-1532.3180723261707
-3223.1050898668227
-1436.7337857212233
-4139.03220582659
-5003.723241681328
-3617.5203250156173
-1909.5261332679402
2235.404278638751
4087.1125182362957
3109.32545989161
9748.890124375026
2716.224735357786
-241.76074350371618
176.33650604718582
1941.912886167164
3781.8740833713955
6673.219562984326
9534.621110806595
6648.747326604338
9686.748020892253
1156.9463813843058
-2510.290511349501
-2314.42766805431
-2292.798103920647
-3523.239274817992
-3663.0174643403775
-7177.188101133438
-5146.403730798045
-3604.8552791819798
-2720.1309422256963
-2069.6490321150372
-66.61490607528094
3558.4529070770295
2265.0072438695693
-3388.7439291307346
-7788.2815311923
-7060.262784004951
-7379.474649824452
-1726.2353923348483
-340.88274089395236
1963.936689525106
6383.332058083726
6354.535904832783
9893.11326548785
1422.711361453282
-2480.7193897686952
-4023.9170144623986
-5151.628204208859
-4160.17853180971
238.85517087789958
-3940.920966223738
-2095.562471315541
-1839.0756267003726
2713.73758738126
4896.868575705905
3062.6229477590823
2726.7113897124673
-788.5003321880076
-2013.402254033328
-5581.402190950452
-5869.79602050886
-4419.383017980883
-3171.365720948305
-1301.744387551793
-427.2512899615813
1599.4783796806928
4260.486727778609
5183.517584044077
5058.315872479173
4978.535474741828
4557.250802538787
3941.0455264053776
4202.386936484113
4578.749671113956
858.5240262329394
648.4981483973615
3546.7632969008164
577.446665818261
4589.459526408957
2256.5858315508312
2459.8498574240416
3417.059119530738
5802.024461646102
3317.9052892330983
2645.7259373810048
253.94565564816912
880.5833319429958
2268.365509837484
9385.748462370306
5443.272849555907
7678.687752793809
11135.004745837254
10864.903152778836
8238.403870967613
8861.247843561763
9604.329256074734
5828.592461814393
3783.130705421172
762.2033997408007
516.1188751832224
2486.3222196685692
4079.923814949223
5909.669963306838
5752.124141543232
9294.306348092261
5117.136234798725
6114.557941651419
4468.374575595304
4143.647677525119
1461.0163546354252
1505.3292817348681
2027.931459343046
4247.296330864246
3341.783118071643
9935.89525420899
8994.33330642767
9572.8106596871
7481.455514842371
5538.528326601396
5611.820972693828
6239.958205573906
399.5861202188762
969.6057351110107
-317.91136875858774
637.4296396574446
-903.5348437017028
467.7332390363763
-3579.1244118526974
-2934.809385899406
-2936.254615526296
707.9082220968139
-2614.4500872389763
2316.4419626654144
-566.1730489594593
4592.618293061619
1645.0605718818997
2828.743515845661
-1298.9241050744986
-2691.6935918769095
-7688.1356891319565
371.8204391629565
4431.844633193133
6310.454388566305
3204.6881864701663
947.9881807006027
-845.1685684073682
445.13263803957943
212.414779615307
-235.0820987913321
-3950.8924608462366
-4426.7042815647455
-5002.95015491582
-6255.174217980939
-8069.410454422206
-2443.3006417066267
-11107.722682975294
-8807.258947689277
-10164.640610137822
-7127.938003456595
-3150.93465939521
-2848.071031679756
-3049.164848151583
-4956.833102575524
-4603.461679542853
-4904.928670591413
-438.5023218414299
-1003.0015400776592
-105.11285276233866
-2099.751460625823
-4214.780964019455
-7304.953288637047
-6019.6260036785725
-941.7372215946757
1370.982697010435
4654.170417786168
2634.3448960657747
6484.448689121509
8345.938178762657
3324.9594239093185
-10874.50799348888
-10222.184155982948
-8998.281774804142
-8551.193873035823
-4874.564408862201
1952.1995852721716
6931.91056117707
11625.636060503362
9223.980579624455
1804.1197677001355
-7319.6612933799925
-5369.546212026741
-5953.681599218488
-1154.0755046101235
-1443.8701949165043
-5828.539287360332
-8994.585142768708
-6590.55230977487
-2513.2072772168053
-4291.09610213361
-726.0240847830783
1760.3423597535257
-547.4192202694862
-1646.9480914373542
-7358.084780068984
-6921.383570136006
-6998.623106164268
-4527.037969168004
-5347.589236538439
-2117.474877351865
7488.702567494789
10864.74131832783
16255.734907232712
11218.37972770113
4084.3658550466052
14.410832351300996
2543.148181109731
1743.9806861741308
2058.9258515270812
1087.6811151379088
1272.4323369349318
3012.817777899149
8652.67095638597
8731.484670330623
8765.281590117524
14307.084326237267
8781.4025699718
7303.136383192421
2476.820458602774
415.74834048332013
4546.756519332194
3949.4472308607264
3955.1651837435143
6679.7707623561955
8912.945211358196
11337.229943190101
13031.25542711524
9998.142653557952
4737.7633035499175
2623.334225208514
4772.292608693921
615.3304385984493
-1439.3196851774692
-1353.1554248018256
-1669.4441108512128
1988.815394666024
3361.959172506946
2589.706892539365
1383.1581135917131
-387.8546678495277
-2782.709900906235
-3120.108610620586
-2177.2985505891647
-3794.55006737411
-2457.379693271973
907.4045144153212
6920.6352850532585
5901.145524526875
824.9720615869396
3580.0908304830873
-2683.0281302809467
-904.6305238304046
276.7574273254147
-1017.5519157764293
1676.8497243202037
5290.599055844301
1305.4584539404646
3574.93401291801
2903.397490451969
-736.3702658689813
-1948.660309956033
-3774.46863646133
-3378.116456900204
-513.9616143360204
-2146.17470540279
1319.6330478015298
833.8004488592671
1505.9768005834349
-3968.238662980066
110.27905645807186
4698.55388440812
7742.165879547603
317.651598557919
3949.3492274723317
3435.2548145285973
2164.6751493981988
-676.8569278208279
4082.4137325444112
669.5849113628021
2391.0827203969675
2759.028439621541
-1378.7832724944647
-1800.6025142314124
-7261.321682511616
-5030.268425664138
-3159.448721551722
-6051.10740935201
-3622.824914814293
-7282.0349969410045
-5543.721574818207
-9711.646524235191
-6779.693301834777
-6124.840907802951
-165.72383796358736
3770.8583823698636
7281.722755774819
3101.824633441014
2399.222330382911
-1666.3887600768062
501.68948653162715
640.6605746437253
-598.5125132425705
2298.818524619767
-860.4314391247108
-1289.8847490096903
695.2481644934737
1972.0620009089725
3584.3032433268827
6179.163742725024
8358.959969508642
6261.307426395724
13244.110821613021
9078.420632907731
4875.367806356471
-5075.05751145775
-5598.048461034429
-2844.156034048926
3698.0393798028385
6092.171829046291
7850.548081221779
9508.156093009811
8356.371282862854
9522.808079958188
13647.916146106858
12002.804026783591
3363.1549134742827
-2732.766489324364
-7228.627684521078
-10186.93484764771
-10170.470172592086
-10297.202385318225
-9114.595080310424
-1656.4933271049008
-1598.3731928085604
-1585.0675860246586
2033.126513626974
-2539.4196588992227
-5542.126555334467
-10973.614009691635
-11875.521617351931
-13263.137004146709
-7683.035149403675
-697.5365181205925
3476.0473623625503
10073.748478855037
10641.140744581586
8112.769908943724
2490.3259639342277
-3124.459414437241
-6351.306137706348
-2129.6367897852183
-4220.395173659628
1237.197489592605
-439.6322829705771
3388.1121069149754
9378.369754527495
9279.33006272483
10079.927948176279
8695.71457484124
11011.032202660535
4527.701473781597
6923.778530068638
-4913.802974577751
-9429.866447292301
-11503.703592199827
-7590.920157270344
-7406.952755643868
-631.415760634578
3753.499586639414
6341.209006865072
7037.43029666225
1157.57089090489
-1880.2131872049765
637.2032081286127
2475.1985409236236
5925.694280264674
9014.06288256654
2082.3575502006133
6644.7234185658
6288.268115603829
8720.187025716103
5892.32049876948
9006.094262772529
10981.540976383225
12783.34951186465
16011.988085792256
4458.624374998019
-314.0720214356679
-216.23994989853054
1492.054611922983
3384.4599651862154
3938.9287715681385
10323.942021780493
12848.904150787612
24700.91741853451
15510.5001502862
4045.571755485318
-956.4068630824718
-2910.9860534888967
-2407.2309295232662
-2493.5729814177303
-3298.0437155080936
-3296.021038951788
-735.2292874043933
3195.3852855504883
4843.537395392235
3884.678915055554
2694.68299464919
68.87705172835012
3556.1788143358845
-3275.677387801795
2563.8515165657063
2460.151663467638
7911.809403149847
10051.67717430172
8038.539998666067
585.4936870149522
348.65299421183227
-3821.248781020535
2016.6202723390857
1061.4261746616903
1718.5550464218531
-1825.9006966618465
-2292.961921657222
-6322.521104711368
-8237.134578442869
-9369.862487414604
-8881.528270236078
-7705.20079527947
-11945.576371349964
-15943.11155230394
-14253.980281135657
-19559.05382097816
-15086.543841999692
-13213.247469163201
-8541.411187354955
-8392.613414199042
-3861.133166395117
-566.2234868056003
2756.6854413108576
-2314.589898739726
-6455.64844004541
-12177.387133807362
-3183.4927802744432
1446.2721815055738
-247.38959041177168
-3166.9787198918866
-9063.953143768726
-11297.218064820423
-7245.341678814615
-6758.592546620778
-52.08490724794592
1976.9736489034767
7102.548703072447
6539.477176890419
6117.05210434219
10472.185978849988
9701.849974710025
-1861.1738054528014
-4774.778814074225
-10158.101235870126
-8375.485457218356
-1650.6137430625663
4748.973547995074
4953.586474456835
10540.669514256237
13436.240523195695
12866.492363138186
13992.053735929967
9225.164381081593
4958.530216427631
658.8343429106462
1314.370864532042
-584.4216865184126
197.51430211861862
3489.4673992501375
4765.704540786496
7622.375000401847
10907.506594605595
14662.378330288644
17261.170892952723
15601.037311675813
4652.782227550979
5190.471659837882
-3491.3077716640328
-1122.9338273810945
1059.286115731058
2558.9466463097224
7972.157296112896
11643.667796794067
15335.707992930522
14237.661475788997
12225.93274672403
6533.447861120945
1899.8217606056705
-1389.6035734379986
-6227.8800753689175
-6850.820363663445
-9212.94882157173
-6457.604722199841
-5677.214813740895
-3783.5348205537703
-6476.648142932034
-6413.06362661139
-12007.300064513202
-12189.596406550376
-11025.661605095396
-8264.199328619794
-3190.633281328291
938.6224755860067
5566.5152990688475
7205.125432873403
2179.9701911244106
-9159.478306018565
-17938.068521522928
-19087.303439929125
-5892.825457060842
3190.8948597994086
9358.705570599815
13743.445152664688
9369.14548068848
10517.411872841654
8376.598637933603
8054.357400318914
6691.86259370316
3933.61839042736
2822.4036592675416
7126.258939781492
6053.353853004019
-594.2567010861958
-4622.877545339046
-8931.34907881905
-6955.08213326712
2006.493528588376
2699.7934075161156
5244.366807234751
5396.6510133813335
7931.852007409468
7928.045509192232
1739.8544757265618
-5137.253152820611
-5548.711728657889
-2352.6701542559963
814.0461756521111
32.43134869753294
189.53581107902755
248.12623386386713
2833.3613796221716
3314.4031351385156
5587.846529903547
7188.763242265412
10335.598366400856
8482.77699162127
7958.5509393619295
2853.8802174434177
-2377.3747039733134
-5995.260915087807
-4260.729617654322
-6978.933592379322
-2482.2231171917338
3662.611747594653
10138.601699446546
18001.20010179495
7879.931385627922
-1214.2500447179832
-9311.608014210371
-10149.74989152469
-9030.618594456419
-4238.815805525176
-3985.1956130805247
2289.572664917091
1276.6569596459076
-1959.524089043463
-673.4149929404589
-564.1007934949093
-5497.8813272513235
-1183.1189519395234
6060.219225026294
2391.2571078304245
-1677.8557744189993
-5678.441870113533
-5677.895057300965
-3466.6015726230544
1654.7616916486704
861.8735442642892
13225.705212344577
20992.739657334616
16215.686061444829
6310.142121294622
-2221.921625430018
-10646.239748059608
-14147.468080230898
-15168.49172582578
-13949.883027307384
-14873.242980227556
-13220.559331933026
-13865.383334859875
-17323.827697691224
-15462.688701255596
-16517.334569956744
-20765.176575776593
-16264.76864257591
-15667.346027334486
-8922.908983660807
-3009.165507380044
-1539.8034141919616
1734.860454694026
-814.7446857210498
-7608.252054925316
-23611.942017966066
-39141.40138961084
-29644.889952343117
-14084.954786146196
-10447.023285447782
5006.0480412296165
4424.588346152328
1029.7363209711693
-3876.882055044824
-763.5350122266423
-5024.588365238987
-5299.638762641767
-12703.166374617822
-14848.225083176358
-15759.907881041188
-21726.43290447379
-22771.967209103856
-17159.656356209256
-15318.162977680808
-13789.593666844577
-8563.74588295761
-4388.896396467276
1743.887075651788
-109.39985716457159
-5024.027858510877
-5196.257753592458
-4514.56052062032
-2080.018617442798
1954.58719941349
-3409.7613261926563
-4404.247574852208
-5996.493838063816
-8256.778772059788
-5502.380186582219
2311.00933807233
5307.798405897894
7460.383872570707
11237.081615726507
16085.150177598087
17616.955268866135
21804.528743983254
7851.149551707681
2868.2753328306053
-6463.073477835462
-5955.809989574466
-2618.4890130400004
6948.624186004651
10711.497107551462
18952.704931862914
18565.405288706723
18569.723696752655
14813.61677936721
11753.309281734575
8281.11957935984
4985.896662076237
-158.6376621883894
-5585.859427593397
-3987.840634794925
-2719.5028124530872
-194.47892900569877
4541.8609363902815
7765.725174450265
15314.40609065023
17224.478305368888
18439.98249772238
10583.01801208658
5026.473375271926
-774.0207051635734
571.301395053456
3207.592098492314
6138.0291682139705
8898.518479737588
14011.602290200566
20148.42710350552
16881.39948409114
12657.416000237958
12948.5474881647
6264.508264890592
531.8102312702194
2824.1978880879888
-272.0837392984158
-2816.0841554267827
-604.8262753670115
3743.653574547545
2630.158947834978
3018.9218411415986
5919.841880259415
4504.8813916097215
1379.1443268609273
-3678.560834241518
-6361.703264621447
-4193.097177854508
-1813.3443663723533
1121.8979568120294
2202.3369033390895
3441.5484996968817
-614.3869741308035
-33.54309191734683
-2913.31962658529
-1685.6865244273085
-699.9701207536455
2274.4352184453355
2180.797705951023
1263.051969613538
2895.601358510189
-2119.471473214224
-437.151930864693
2362.8325090541175
2531.0012977441584
384.5590167054106
566.128198317941
-1398.7559085098328
-3336.601596680152
-4924.560574992763
-6085.602325208952
-8239.133904200626
-2861.4118992377953
-4371.003589119121
-972.3419565028707
3592.4516023907754
11781.076487288417
10408.16857379441
5128.234822561709
-1085.4566124598791
-8251.240347430825
-10033.813504608423
-11657.567409295116
-9890.358513733408
-7155.10485137915
-6083.154273108125
-8678.357786472976
-3528.8741212356063
1425.8397909288078
-1882.5830172765545
-1048.276335544997
-171.9817544912721
5155.461119723992
96.25481223811948
-5684.543081404441
-10075.692609893762
-7822.140951343077
-4108.747364647363
-5772.189126108881
-1267.1872411855593
6770.750287147286
9300.862585287416
5862.568940236045
-2409.267299611867
-11273.642769698494
-10575.898372944188
-11878.333100221724
-13066.137238382651
-14444.388579856033
-10876.119422027117
-12716.191153501592
-8096.596298677897
-1890.7369778990242
-8425.865281597304
-5010.321265149881
-10197.867067483763
-3834.984780044948
-8135.619411316649
-8827.543077420836
-15623.008133712892
-11548.41116001708
-2823.720528774416
1226.3832782592922
4043.603485474544
10798.829748410666
8881.935851762846
3581.1725115184454
1244.4230720880696
-869.5004730123846
-3826.948924482961
-6286.6322833252325
-7415.780467843028
-4424.983968648226
-1582.5137520755488
-1485.0765490054673
-6039.326786538626
-9437.459905339329
-9053.703576082175
-8555.53897943316
-10628.444440545289
-10404.2604312089
-10203.68961586897
-10631.987023257707
-8788.755122511475
-1622.544782743571
267.67692630823785
7899.464746377821
3482.86655021546
-4249.301488598205
-10823.237970345406
-14604.159666714097
-9426.216460367741
-6419.826227349078
-6145.52226109131
-3929.9931964066795
-5095.171299362118
-5593.794823504419
-2600.274538350174
2462.070264082539
2142.5429495508224
297.87116901189984
2946.5060828706846
4023.6957373617543
2058.7260799142023
154.25398572217637
-8164.108575816517
-8592.545845373574
-9120.598247036829
-1971.0940921716801
5236.685138717412
6571.177811801153
5175.465225621085
3363.8479084189594
2403.6144036546184
7135.581379550331
8790.252769493116
5252.929990896063
3055.749142428459
1790.4480846457043
-33.25905630203488
-2374.7275908223055
-2066.62056601157
-2324.0772556440606
5507.168753672041
6814.444710085423
12969.023071841677
13411.39548799424
11477.706945215208
9531.995196230957
1394.2731033220298
-1925.2249410079676
-3036.6374586575166
-536.5071732873294
-651.95805656225
1462.7929364745146
6822.104412868338
12801.504117926865
18764.92898616063
16846.978017192436
15134.657312467303
9779.721830166247
5488.075184696315
-1062.8104484390365
-49.98803237777611
-1980.9944909329206
724.4181955974925
7463.480453242145
12522.272127028733
12112.291679455973
9575.632669552944
7894.076474497806
5462.971947305448
6972.795359754189
5323.315906849159
62.48375606442096
862.2892906250945
3322.0314302706593
2462.4833378522835
2771.922406657027
8573.722744715957
7913.953014876997
12633.554298323112
6722.752788784124
2753.8132831644502
2569.790788381435
-278.5773300245919
-962.4177372320082
1252.3748746819256
-2388.3090235559157
7.464991441736856
3910.808682689607
6941.136907483298
6569.187520623473
1482.4123717028924
44.77692272369404
-5887.580695851225
-4045.3585741374204
-6536.339592805967
-4826.262362100209
-5513.2475719195045
-1064.4986748400459
906.6489677092363
4924.2296559300385
2560.730744425234
3395.05923678
-1757.5896600455962
-6773.085634734038
-9497.842878492655
-10043.707325883086
-7199.186109435848
-4750.038932093274
-2069.951219011691
-5206.210735703961
-5151.713493534675
-6335.842682515774
-8519.327261881623
-6811.706824703602
-10546.99396183516
-11136.059089779461
-12396.066831849277
-10394.911876681239
-12240.896978757284
-14650.775914658632
-12657.162836172796
-6121.012720576797
-1309.0032475424832
2569.6100838836574
2276.680987376423
1510.6997881262946
2534.3297879936026
-1420.3834112472123
-4257.072706451466
-9765.644120107489
-10356.643457377453
-13444.038711963502
-10848.79254640048
-12964.275460330093
-12081.426444214543
-13279.935343424495
-14660.66544695194
-11148.338355221895
-10849.025354992853
-6958.017927781031
-5844.717330113659
-4126.772653029762
-8127.37677945836
-4469.16072965254
-9210.373043442385
-9023.90704354448
-4352.45446571394
-2572.0115360071695
-268.4097097617232
2144.539730200994
874.7863253161886
2648.7337942591766
5966.576090136483
5639.6438868001915
-1350.6791404004744
-3384.720501768362
-2061.8231157077266
-1022.4502947711201
-900.3029686201128
930.6099891429812
977.4393879250233
513.3075126544745
269.5206535933921
2041.2431769068462
1253.756045704352
1529.0641856572065
169.38150035047738
-3225.3041888030257
-8569.216685820867
-9421.638781078791
-3947.205820196694
767.0194865237982
1854.0123370488827
1450.570835597303
2910.7280181953147
4299.721639038957
6995.113825586964
4615.47281971015
6277.979646329365
801.8538482689651
2847.0728003215386
-113.979888757097
374.248613629592
-1482.510146442779
2269.869617993336
1353.564334812012
6090.988409375503
4838.247460711807
3311.0347950289547
4211.325642735308
-929.4864941432579
-3626.7264393230653
-7749.498217805054
-262.0917706059115
1514.4283323046313
544.9515352860235
2493.9492893215424
4144.288438854477
2739.488873557427
5744.837705959074
6679.470027707857
4694.697376535586
-136.10675511578575
-741.2335491270596
-3961.9353227673396
-5333.384826452715
-6187.303233140258
-5091.785301433592
964.0613189884152
-229.61993393995726
3711.067084442946
3410.377954864791
-337.2020327966475
-218.27705633108235
-6085.240492613084
-9128.466540380998
-7809.38863026393
-4975.0448328883585
-1566.755067863578
-759.9711625017753
3666.463380640558
3178.6983543148854
10222.796099833
9715.774979150347
8479.671695419198
3160.6469164842756
-1656.4333555141338
-3868.8851043539416
-6296.74782514042
-7144.2658104546945
-8416.321627942876
-6387.36433595428
-2051.2227750456855
141.88364299039495
2479.9120663436897
1380.0422485758065
-166.53757505471685
1561.268167134977
-570.6212342756744
-3315.89148626691
-6059.850193135192
-2948.9918280743855
-1830.6778431273801
1644.9607392239468
6333.514225187679
7622.6784288411145
13041.674501129277
12655.082069752327
10787.29659691707
6697.21389135926
6183.425061034089
1165.808102113655
-440.22345168472884
-4524.512137061836
-1061.1991119915533
525.3704291929635
2198.48564797691
4673.018287504665
7156.910571821971
8218.580090882895
5299.902606325301
4051.467413656969
3909.5991758877517
-937.0561997650748
-5885.889702913928
-1962.0523144258495
3018.1532524655468
5711.886560837293
8233.34540757917
10849.87042518534
9183.885311927294
5306.774302838705
6692.003520518909
5981.292766882956
1020.003352422852
3790.9385855561222
4094.849050877091
4806.18967640928
2907.11731215923
3888.303103666641
8898.387106685763
7676.60239884938
5710.894488023517
-156.92082779349255
-1055.458403323651
-221.89346125825057
2138.4718860977373
4921.314553791123
154.5962052949253
-2471.5123118078354
3965.4716276459276
8608.420601369173
9038.076684987724
13006.218087293102
6811.045722444168
2587.36596317878
2650.048278484061
999.0691663780153
-3098.7181327088447
-3229.6695226444135
-5121.619062796439
-4749.226585554398
-5362.286324665772
-3375.5564020059946
-1302.446927183777
-664.547326323644
-4184.3714403146
-874.8666876869613
-2359.303519537335
442.2793261262707
-3962.4856930840265
-5676.7156356774385
-3732.412362409257
-1165.279172890463
-304.5124619996004
4796.949992253561
5233.303494385347
5233.806320498657
3875.8971746576194
598.6780045469186
678.0930655961647
-796.2527920498437
2442.556524389217
1778.31480964727
-154.21897903431363
-2905.1107353123634
-3056.704610635947
-6007.277992592162
-4665.624971334447
-3801.9990743227722
-3171.836369583565
-2267.281060812814
-1037.2597504355767
-5124.469127242235
-12215.247083723078
-14611.11405357037
-11838.904558503094
-5542.872016617003
-2318.6580336545376
2140.9144935423574
3858.6114259733695
1045.0855796898195
7033.311391209344
3670.1038386541113
-236.93382628626932
-3684.0809926111324
-3647.4652427402834
-5454.020271798387
-6276.992579057438
-7607.600277138169
-5651.825801795471
-2046.0307220505852
-3270.451816830409
-751.1873523202203
1475.7079816731948
-778.919537818263
-29.22234285371087
-3099.8672352761223
-8250.822659400555
-6306.053757123065
-10129.18844195589
-3542.5580187236246
-4339.539926576752
-2342.6986991180333
1013.9385269710885
-3023.056552931811
-1416.1506568500818
-779.781010472253
-2517.65201528564
-5106.9907134153655
-9815.880725337958
-12438.011900545109
-9803.721657288956
-10894.937759793329
-11546.109761595459
-7877.127939472824
-3472.5213838420295
-4566.740896168617
-4044.6280853973176
399.8348668090275
-6929.191674239322
-6074.037209815959
-2670.0536881551043
-2384.3478797422513
-3918.348296180977
-2061.687649834912
2200.853621333321
6009.318450222358
5952.153197723512
4441.273391500665
2067.9852681693624
7070.0920939644475
9500.660623626367
4609.588284450345
5014.9335087413165
1942.0714593324756
-2358.6332973407134
-4332.684113871957
-2828.101988873887
1083.5704376525596
2897.9174312378536
7305.7308805882685
4013.6525956351716
4604.233514976214
5070.478765031404
3938.972975355714
1295.7244055369224
471.1581625535009
-371.29817130375886
-4502.419253012125
-695.3429668364233
669.628570484037
1387.7616781193638
-810.0329554566374
5814.855716709375
1548.2452655294705
6273.7136647943435
6445.080482210045
4190.5026647371415
2472.7699223171658
2114.2482046754685
-382.1269336107616
-2256.1177011306827
-3628.61880054336
1805.0147928621973
1816.4942806040508
459.79272954768203
4020.0241031577325
1317.7015998482843
32.31447697125532
-7659.952382412988
-10958.331704866614
-9134.234403135082
-7699.5984774779445
-3098.915167139836
-1523.4071066221272
2343.187085807899
11257.935594334753
16558.10907302171
13505.123973607753
8994.606672544318
-849.948017039967
-6589.305345636026
-5820.437943103179
-7179.565559113367
-7570.080592269553
-7162.423728599399
-5872.430261376168
-3256.5767486739346
-2671.846976820427
-5103.117589823671
-5744.962848749641
-6290.391219235889
-4610.814680762024
-4199.35849763535
-5269.958436967545
-6669.102705751247
-6244.963503105155
-3102.3650456185023
3571.572868612803
6936.448101720214
9551.912019369262
4487.664350646672
3552.155825534648
1766.3777814456162
-3730.872180045313
-4004.3180150131593
-8857.907457559731
-7680.374879688388
-6066.016435602176
-5840.38937335667
-7658.203619701471
-3662.634118619261
-1544.283081148811
-893.7003946505902
-997.0534719370498
-3082.061921715749
-4313.345230301153
-5545.617922683404
-6574.3228025193785
-9560.662139058513
-7684.569333993718
-2525.449525501148
5064.657286407965
5349.564178277884
5492.930968474948
1483.4570284106458
-2405.2434014351675
-1904.984356353008
-2901.2428258279583
-4802.515238555866
-6342.111722898303
-1986.8912165156325
-4327.222715786388
-5850.029682694504
-7081.2710036521785
-1595.9685032595771
-3326.895621928927
-622.0441528192669
1836.5598960430411
1443.5253064930662
-17.348111460284372
-10228.93605707869
-12138.51503793949
-12210.389184874653
-4538.575450148832
-2868.7635942347215
3560.8567625534406
2901.6561185026776
9176.952888890215
11520.46105056337
3924.841871097519
566.1625015388381
-8071.088742192985
-6065.783063130037
-4475.325304791111
-2737.071008527763
-6529.374427934741
-8374.720622471314
-4108.9273874543715
-3021.7207818914158
-4095.1780028558524
-2545.4067782610628
-699.6626572639589
-673.1932078768348
-4900.71834636643
-6038.7465046532125
-7917.3181405710175
-9383.914846575284
-4597.936202323615
-2066.0186063140145
710.7543782915509
760.9038469789912
-2060.294136355801
-3646.3262929753373
-5142.530583036632
-3633.374275821563
-2115.676065057455
1387.5610441665349
56.94957106080096
749.283798662565
231.14577228673352
-5184.504238727777
-7070.660463734955
-4893.206213445797
-214.38748381860682
-4522.53163595324
-6248.734243296743
-6738.772917174586
-4267.532870986823
-2996.7461064901854
-50.93718328772047
-4153.834686153741
5354.697688175846
6524.8984682358405
5498.614822170164
2379.402034518259
-4320.544307379808
-2914.4315214392177
-723.4155640385052
3262.413031114095
3039.6270512982464
5248.313936030607
-25.627256880695313
301.33989785916447
-1871.4715649777618
84.05121498299604
1812.6130368370268
7007.215118408583
9288.539426239098
8073.221446454533
7323.551499063249
4869.629220690479
5250.6155003352815
4376.785832957169
603.3019988485958
-4537.839591235488
-557.3943867356029
3003.172122358
3953.8340378136018
6851.382391464902
8649.429140790373
10744.802470104478
6017.421231263983
4335.077337465929
1898.6810237059017
340.92608509485444
-1434.321417321974
4805.154340363824
3936.6497086508243
6057.768603479941
2839.75332073736
4861.646875127353
4325.015212497024
7600.15209675801
3930.3251192849348
2570.443568394956
4995.0424500794425
1735.1363377263478
-815.7311640273977
-8339.669634121416
-7190.257854276075
-3448.0043672388297
2326.5986827559423
1059.4475097714014
11253.79489761479
19659.049345106916
13543.89059907906
4664.340603890269
-1907.9152911650513
-4269.194487322607
-4656.360129168196
-6267.217784507065
-8026.9914372680505
-6741.636160608683
-10836.195646686801
-8992.916008106458
-7987.075358126918
-9224.44457000555
-7579.868892510461
-9909.247104624008
-8797.489858757217
-11150.970666204606
-12768.846843328483
-14284.587188451871
-11580.052699573176
-6592.3086805652365
-111.86752330509262
-3050.3657137344635
-9164.80914454355
-15598.969772939214
-16990.07882154819
-12909.437650553376
-12653.031136910264
-10031.424567775824
-8141.3057185558755
-6956.312714931952
-12309.32278941938
-11512.08730953804
-14377.572323577235
-16427.319368649252
-20720.579439309717
-21329.276178384083
-20914.78481527803
-22037.313259838265
-19778.679090216832
-18653.46843823341
-15752.852391356175
-10049.70041172587
-5738.6501907787615
-3898.0784063486135
-4106.433375371918
-6038.405320727579
-11668.892088101482
-15775.094112506593
-10771.44307166634
-3850.90567905842
-3663.9777213059488
-1720.3271092347177
-5557.623327064408
-7269.283917153885
-13847.15960849571
-13745.205114017972
-6940.853483228773
-2166.9078277152967
-1267.5076485525599
567.2205375311614
8073.066338379629
7183.071882645078
3903.031446905582
-2117.073749955355
-6062.402143642429
-9142.68157087203
-8595.626329733897
-5797.322108064275
1020.2866521724345
8649.670584392432
13728.148847004759
19540.45483420107
14411.138263273948
10352.941114074041
2741.0427019422305
-1604.3675354595066
-9131.20328559831
-8369.005045972333
-10411.077806111305
-5608.726029668544
1443.1018477173852
3328.3734709925657
6534.101922504408
10567.859365486209
15919.493391256565
18512.623119973767
15942.209513024416
5739.2793829196025
4171.72480793059
-2663.6594322637593
-2334.1313991290313
554.18497157497
4203.683009511816
8909.036488180356
14528.944504819287
15530.881365419747
21812.86595251564
13727.91853555548
8413.00110759484
3236.3027231641872
-1443.5208156214758
123.42764448039816
-581.3388832681067
-1238.0510287320667
-725.5811804017148
3596.1959427054226
4549.30620548581
4084.8352435873976
4011.5617412550528
1765.2861247339997
427.14756124433325
3948.5114318773553
-118.62389098487279
-3735.261465489993
-2080.4255108196767
1255.5529558771668
414.5637453272702
3990.1184013181737
994.1914330641448
-170.26716063034291
1303.718806419476
2925.406305773404
4297.841404850442
3528.5229530196084
1034.98866893599
2492.3156116554533
4046.8441944016495
2091.9569561616827
5741.453220745696
6088.054597241122
3904.531428915472
947.5882602076788
1073.9601438573764
355.2081269546595
1110.9686729090147
1545.9556564885413
1528.8636105687574
-4915.835722720122
-1934.3749852417009
404.069546854319
1123.0896641233003
402.46219223813387
-2846.087703550299
762.1843956176581
-2700.197092738713
3012.4448523920073
6497.527411943291
6780.740586684557
5797.665124476647
4752.545923347687
3405.1061557456196
4500.566988693285
3568.607786181347
8170.214697198191
10261.174487404813
8626.104263980546
8536.84051160965
6145.955816746539
5298.0903606370175
-3192.3295125529157
-7844.198695993072
-6302.81901618551
-8759.090502534278
-6519.988804035965
1400.749115788929
8907.980817799647
10748.722529078428
11855.823142990146
6237.489152886621
2408.149548768743
-1242.2622033385735
-1953.4531934437698
-3930.3037469086576
-4629.523162950169
-6062.322533138943
-5309.430725633814
-7575.913768295604
-5797.61698119918
974.9192066635715
-5.9710365965142955
-1819.0832795071997
-1118.5978603609315
602.2425539256151
-1140.7926163307193
-2317.476799908339
-3188.7992140053284
-7462.470497309874
-5239.600885507996
-312.00175867234475
6050.628448792086
10793.657071083335
7599.035070035951
1576.267522212046
2769.1027922758294
-1636.133703140138
-3740.4976902942653
-5699.21136536281
-5186.600530008873
-3219.6169419947387
-3408.2297756664275
-6815.587705407914
-3661.662916505838
-8737.03987535955
-3704.7360690738324
-6885.106288455606
-5997.18176619934
-4077.5032250417444
-3661.907896785454
-12213.946226160473
-10336.751249902361
-13521.137260039899
-6029.523792034315
-1252.9004629306874
-968.0937414112523
-1860.1791684843956
-6209.504555262565
-6478.922390471715
441.42724607539367
3391.1472086069707
2284.9625690898533
-4641.958384594369
-2844.080295513494
-1431.671841034216
-2532.994778046792
-6010.393120010589
-4390.533693946024
-4789.533968241902
-79.47197140173148
-514.0209727035162
-4626.453574849621
-7906.433349929673
-11158.234025877686
-8522.742525621645
-10086.112636871498
-5336.798929085047
-1210.813919766451
-1279.545969982065
-3226.0869792554995
1134.6282667868009
-1844.6838887522526
-7471.837266003926
-6752.412653122066
-5347.759406495596
-4223.278503842157
-4424.811091416856
-5889.352500765917
-7199.090606711623
-7703.007164302641
-4403.832328372
-1913.4379944704342
843.5352280757575
2786.948326657473
4417.964019186822
456.92722727891123
-2253.21961168115
-6958.947348753917
-12190.554326965626
-13468.545851428666
-6794.59166933268
-4321.976283187912
1617.8171372169272
5125.316322179414
7439.059333278719
9267.252206856843
9406.225024754438
-838.9031819171446
-7483.0213134430205
-10868.087506429234
-9635.053156017788
-9477.407718963897
-9468.75734513519
-8679.83226316927
-2016.632396165015
-398.46819405050155
-3.0842194671149628
1128.2372062841205
2878.772758871962
1852.8710929382287
4101.966023743667
7655.923324443195
9440.941861916504
3552.88707369642
5443.185021581583
3181.0147099748365
-1.511879738078278
7013.663290838633
7685.787290603135
11399.421959465672
15211.71431220503
11405.832195574665
5710.385227497737
7936.726669042669
665.8884939902455
2970.519292627204
2281.4157635267593
3459.4768440446646
4884.931111348014
5784.994341990533
6388.977652052459
4198.169038995822
4287.924904704517
2926.4373593341898
10427.342643209464
13371.837746426705
14027.394438372248
5009.701100247014
3911.3649168589227
1002.434393480276
3540.359404298215
3607.793600103809
3899.375804077603
4173.957166028489
5699.301642660381
10884.285548906964
8446.166086390389
9949.688369787551
4817.768009100585
6592.68908343207
5283.592405467897
6643.044661427179
2457.79321909763
249.7469965185228
5417.222638153589
1999.503129470464
4155.139633166678
-1806.2780467551502
-2219.6145501540955
-6724.514031254403
-6434.042533560221
-8476.089125374498
-5343.011695042297
-1537.1593706213444
3195.8857128361024
5314.791550318965
1272.100008882402
-1608.3299527068048
-6653.905787379948
-5265.162122171074
-5699.565894880183
-3445.810833059937
1454.8105586247793
3485.1795216861055
798.4756541746274
649.6473611061081
-3549.746776354833
-2751.4318134245814
-3583.6505343472136
-4560.754405846174
-3326.8795729098265
-4810.418286669602
-2436.129805878536
-3729.3195332838413
-5125.509603282939
-9373.172204955785
-11144.111228748268
-8109.652388293438
-1439.3518494166874
1717.146419229433
1603.6627203250328
2197.4243356947163
-1869.5380106980083
1451.8791898389227
-908.5958308254264
307.2392562216123
-1528.6556856250481
-1106.624034364454
-6402.61373465611
-7651.703593569179
-4697.25254893221
-6320.89469824757
-1719.8133237719176
-1311.6131672740821
-1009.485702064304
-708.5961348330459
-1036.323585136287
-9554.596567659839
-7736.031389400741
-3396.2740867066746
-3754.2866659051124
-862.9776435080958
215.30467881725735
-260.2384778915757
-3337.884281626054
-949.8101006478116
-2739.16250672291
-862.5463629647647
-3415.858631232499
-133.58311396456293
-4311.110415164211
-2392.6651282121265
-7911.218177685807
-7027.647450662514
-6676.174126823486
-5610.801594058464
-2794.9982403656795
-1312.8598103064578
-1847.8783009425188
2179.588942154073
2284.6229647820032
714.7560676979122
-802.5098185196098
-3494.5241343968632
-1404.4617252068401
1768.336304201528
7339.971667339421
5830.765531888021
8962.807627657345
10080.53056274564
7358.528298819054
4156.965010994916
-117.72142408890613
-4361.565345652329
-6036.0934046778675
-8303.440273914883
-12462.377037686441
-11454.10272735097
-9370.547992427608
-6659.737913081794
-4675.082470389081
507.18506121386963
1294.8391422965306
-444.2339520378664
869.9242295682488
-9294.831487087264
-11832.298613934623
-11458.688818162536
-8733.717695703213
-6120.7431608382485
-1447.8750202278575
2011.407914637995
6652.779518189982
8057.885508718227
6693.637529824456
1759.1697946009772
-5023.036699024628
-9130.502136348436
-6614.651813817496
-8769.143201955869
-8572.21454678447
-8633.554193807031
-7070.83044591874
358.10679659970083
-503.931767318139
453.6517206819267
271.3729260514965
2533.915924885313
4297.700589693617
4422.033226567952
1197.928779402917
-2771.5638100667184
-938.2018765893708
1209.4690695132904
1052.934743337058
3157.289741280553
1742.4508976540087
643.323916621538
6110.208004701168
7141.65852046094
6429.935982486439
9995.20469114411
9522.000242844026
3902.235723847484
2658.2652064546364
704.80693224379
1086.860408280022
3222.1094604755026
5892.9271488740305
-403.6514494492362
3159.5262623606686
2632.7951703071485
6727.771352810901
8159.667545796114
7909.422926640778
1065.4941331934588
4561.247889522082
2978.2462387006904
351.0938690803614
1979.3849587912728
2823.67154430802
3389.984656567772
8556.50483319787
11298.784107236446
12436.925179227334
11563.025474474849
7436.526168025386
4721.500483110576
5159.569784334121
3639.0874300822497
1892.2534392032103
5031.29679979076
3548.7145085124025
3834.242018791521
-355.0368124792353
-1876.9682535230431
1489.8677433555222
-1699.1591054845203
